0.8787063002586365
1.232028865814209
0.985854622721672
0.8220854282379151
0.767745190858841
0.6522664844989776
0.5688725292682648
0.5077509403228759
0.5068267762660981
0.4571670860052109
0.5154222458600998
0.5155303031206131
0.42758371531963346
0.4109574779868126
0.4299975514411926
0.39070518910884855
0.42686445713043214
0.4620534688234329
0.38121597468852997
0.41078610718250275
0.4062730401754379
0.3754308223724365
0.40051971673965453
0.3203793793916702
0.4118476524949074
0.3551251858472824
0.3401633262634277
0.34408738017082213
0.4478870630264282
0.38440002501010895
0.3664728611707687
0.36579290181398394
0.3373227849602699
0.3030977934598923
0.5037942111492157
0.34614259749650955
0.3454978555440903
0.29618264734745026
0.3086465895175934
0.3597858116030693
0.3103640079498291
0.34548548609018326
0.32919427156448366
0.2786489903926849
0.298469977080822
0.3018151119351387
0.2571557179093361
0.33248312771320343
0.3108272150158882
0.3415296286344528
0.3172060862183571
0.26455858051776887
0.2871758207678795
0.3234287917613983
0.2957166761159897
0.3180429324507713
0.26684843450784684
0.2604215040802956
0.26301182210445406
0.2748361125588417
0.22116812244057654
0.2838785946369171
0.2541931428015232
0.25876823663711546
0.3241574838757515
0.2684035271406174
0.2896279960870743
0.29446312189102175
0.19774559661746025
0.23739963173866271
0.27569218799471856
0.22973115891218185
0.20578265339136123
0.21576641425490378
0.25458012744784353
0.20135940611362457
0.315369239449501
0.23998904079198838
0.23475124984979628
0.24452981501817703
0.29389268308877947
0.19699278175830842
0.2220599517226219
0.25105313360691073
0.2207084059715271
0.1896008461713791
0.2746484011411667
0.30255669057369233
0.2468105934560299
0.2509881317615509
0.23539900481700898
0.2303959272801876
0.18879297226667405
0.22130958065390588
0.23604489788413047
0.17835138738155365
0.2493215799331665
0.29888747036457064
0.23965204283595085
0.26750815063714983
0.2776775896549225
0.20038345977663993
0.21251465231180192
0.15467680990695953
0.1951069250702858
0.17491580843925475
0.1864795196801424
0.2525546610355377
0.24052720740437508
0.19247015118598937
0.1859930783510208
0.21663004234433175
0.2386547029018402
0.1690087415277958
0.14005960263311862
0.14153475649654865
0.17373839840292932
0.18391044139862062
0.19903579726815224
0.17196159884333612
0.2222702533006668
0.16699986886233092
0.15256999991834164
0.19162362590432166
0.19541903659701348
0.19101224690675736
0.16175057291984557
0.1463320679962635
0.21255239248275756
0.20670934170484542
0.14393088072538376
0.15363914743065835
0.16436261162161828
0.14558558017015458
0.17179125025868416
0.1762418370693922
0.14904095977544785
0.15090048015117646
0.14104401879012585
0.11503841541707516
0.14875963255763053
0.14377276748418807
0.1631124995648861
0.11509648188948632
0.1810751784592867
0.14660222083330154
0.14046664945781231
0.14617120735347272
0.11559806913137435
0.14391812793910502
0.11067301146686077
0.15656812116503716
0.16575657278299333
0.17831769436597825
0.14068099446594715
0.14264554232358934
0.12178513165563346
0.1112949464470148
0.16269762106239796
0.14283324480056764
0.15586381480097772
0.10649854838848113
0.15585832241922618
0.0982695858925581
0.12880578711628915
0.10586070083081722
0.1627209447324276
0.1547229677438736
0.12470881603658199
0.15792857930064202
0.1309224095195532
0.20549872517585754
0.13213462419807911
0.1244325540959835
0.0984586775302887
0.16548525243997575
0.21207521930336953
0.14927884191274643
0.11970879770815372
0.1253200676292181
0.12410190030932426
0.0884057018905878
0.10471128560602665
0.08819061052054167
0.11169134378433228
0.19951503500342369
0.13639617823064326
0.12494652345776558
0.10163457579910755
0.08027591668069363
0.1291467783972621
0.1414409089833498
0.11237985864281655
0.08102302514016628
0.09725000411272049
0.10538501031696797
0.09276371449232101
0.13425457365810872
0.14944928586483003
0.1277722164988518
0.12055001724511386
0.11840499453246593
0.13147679045796395
0.09125660210847855
0.08319801427423953
0.08233637325465679
0.1316521368920803
0.09112844057381153
0.13019949235022069
0.13845498189330102
0.09022187776863574
0.1197551179677248
0.07734114155173302
0.11559382788836955
0.11622727364301681
0.09252854585647582
0.07496501114219427
0.06831499356776476
0.11037436760962009
0.15393949151039124
0.09198417086154223
0.08116772212088108
0.08938382863998413
0.11688288152217866
0.10533843617886304
0.09325808249413967
0.09964586645364762
0.09812948852777481
0.1083336839452386
0.07944727633148432
0.08185887224972248
0.08143603503704071
0.13173481579869986
0.11949282363057137
0.10214787386357785
0.09664333611726761
0.061492682062089445
0.0964531309902668
0.09042925182729959
0.1344046201556921
0.12296154871582984
0.1170862440019846
0.10697153247892857
0.06461857222020626
0.0926458228379488
0.11273967511951924
0.12371069118380547
0.11199561767280101
0.11472639348357916
0.08978673461824656
0.10216333735734225
0.07193417791277171
0.12375986222177744
0.07471749186515808
0.1376695664599538
0.06359907872974872
0.09958293922245502
0.15416380912065505
0.09876560457050801
0.10946897212415933
0.11175020337104798
0.09012552332133054
0.09765888638794422
0.09607926867902279
0.12112133838236332
0.08274613041430712
0.08300082720816135
0.129342083260417
0.11115685105323792
0.08781849052757025
0.05356780607253313
0.08660798370838166
0.08126536458730697
0.0961594682186842
0.09165163859724998
0.10548833087086677
0.10717472303658723
0.09210467226803302
0.09556542560458184
0.0763834148645401
0.09468131810426712
0.10734206046909094
0.0492216344922781
0.10846746191382409
0.0590038375928998
0.11230425685644149
0.10820500012487173
0.06781991086900234
0.10639576371759177
0.10678356103599071
0.07702875752002
0.08625978678464889
0.0711942283436656
0.10911826305091381
0.06968963146209717
0.115144775621593
0.08943734541535378
0.05873148422688246
0.07647333554923534
0.09623254034668208
0.08037259224802255
0.1317972220480442
0.08940256536006927
0.07315561827272177
0.04792114496231079
0.06692520678043365
0.11438382919877768
0.106117370352149
0.06729089468717575
0.1049530752003193
0.05950641259551048
0.08406870886683464
0.12888519577682017
0.07487804926931858
0.1019327936694026
0.09500060062855482
0.07708669845014811
0.09003458358347416
0.07051875982433557
0.11264649555087089
0.05056442748755217
0.10040916111320257
0.1131661357358098
0.10514005068689584
0.07751203179359437
0.07775295935571194
0.10658185184001923
0.05787141490727663
0.06883278544992208
0.05982094034552574
0.12903441097587348
0.0778162706643343
0.05675403457134962
0.07951847277581692
0.058431312814354895
0.11449125520884991
0.07043995000422001
0.08104107715189457
0.08073941171169281
0.08890229724347591
0.09071333445608616
0.05535134375095367
0.12173856999725104
0.057271412946283816
0.07661345824599267
0.0712951323017478
0.06189474277198315
0.07427051756531
0.08884964566677808
0.0636870538815856
0.09568904303014278
0.06315579358488321
0.06845829114317895
0.06302698627114296
0.10231704898178577
0.14381587244570254
0.08645320814102889
0.07415095996111631
0.09822510965168477
0.0745600549504161
0.05789551883935928
0.0603568697348237
0.0904732808470726
0.05466861445456743
0.07914162874221801
0.04495666306465864
0.09188074301928281
0.04611442517489195
0.07673217952251435
0.06906411349773407
0.07403338048607111
0.05058969557285309
0.07822854537516832
0.09483827538788318
0.11314798016101121
0.054126630537211895
0.08840057142078876
0.052294894121587276
0.06991839706897736
0.1553879626095295
0.04519109157845378
0.08836469538509846
0.09808620251715183
0.08113647233694792
0.0666566552594304
0.07629666086286306
0.06408349461853505
0.09697848223149777
0.06476912144571542
0.09876381959766149
0.08821438867598771
0.05687127150595188
0.1396974189206958
0.06526262648403644
0.0521759994328022
0.07079369071871042
0.07424083855003119
0.10990919768810273
0.07067836727946997
0.05864621009677649
0.07980442140251398
0.07772701978683472
0.09283845275640487
0.06670812107622623
0.09391597732901573
0.07212399002164602
0.07124260142445564
0.08934798873960972
0.083048839494586
0.06956297401338815
0.07874558810144663
0.06631896067410707
0.13217672035098077
0.06971230804920196
0.06372866332530976
0.06423420775681735
0.03380410708487034
0.062397077679634094
0.08561674542725087
0.04816013872623444
0.04654734451323748
0.09110146649181843
0.07591794896870852
0.0584247026592493
0.06331191305071115
0.05980193056166172
0.09193587861955166
0.0676420183852315
0.10007752738893032
0.051348835416138175
0.08083724062889815
0.09843166451901197
0.05752145480364561
0.15138154476881027
0.09114629235118628
0.08945353459566832
0.09168868362903596
0.08417320996522903
0.06113814413547516
0.0701095663011074
0.052618114091455934
0.06487194690853357
0.1001991368830204
0.0900266556069255
0.06508249286562204
0.05624617785215378
0.05631067920476198
0.05688122678548098
0.08308512885123491
0.09300352819263935
0.07241140343248845
0.10376326367259026
0.05351397693157196
0.037926694750785826
0.10722593665122986
0.0818013520911336
0.06362845562398434
0.10735045298933983
0.06854103486984968
0.10333322510123252
0.08339621685445309
0.08999360706657171
0.06473421398550272
0.07525239000096917
0.051377717219293115
0.10050270073115826
0.08881134204566479
0.05613481774926186
0.08802569676190615
0.10526532921940088
0.06951065454632044
0.09693554695695639
0.09486628025770187
0.08730143997818232
0.05410625822842121
0.06572898607701064
0.042593281343579294
0.07161964401602745
0.037213817983865735
0.1126066630706191
0.08017163015902043
0.09569965992122889
0.09097260516136885
0.08233433570712805
0.04534608777612448
0.07889038436114788
0.09075894560664892
0.08939478490501643
0.06424413174390793
0.10072322078049183
0.09606794677674771
0.0620240705087781
0.07265868727117777
0.06625905930995941
0.054813194833695886
0.07206419110298157
0.04562191795557737
0.08381647691130638
0.07547889705747365
0.053360344655811784
0.08474611919373273
0.073637262172997
0.10964024998247623
0.07259535435587168
0.06239443682134151
0.1293411821126938
0.08638610783964396
0.050309036299586295
0.17641768455505372
0.07193549126386642
0.09282194226980209
0.08852491471916438
0.0908918559551239
0.11630663685500622
0.0897999133914709
0.07767443433403969
0.05789378471672535
0.09351884461939335
0.0465832594782114
0.07130216881632805
0.07738019693642854
0.08032961096614599
0.05114273224025965
0.08612760677933692
0.07734556123614311
0.04910260196775198
0.07060129046440125
0.09579613655805588
0.07725160345435142
0.08512354586273432
0.08251936696469783
0.07933048475533724
0.06612011399120092
0.1033614695072174
0.04965759068727493
0.06861284840852022
0.06484016515314579
0.08785060439258814
0.08525042440742255
0.10965450033545494
0.05299686510115862
0.08741285521537065
0.06972131710499525
0.05932173579931259
0.06930106002837419
0.10135869439691306
0.052963930554687975
0.0775835370644927
0.11724412590265273
0.04548634681850672
0.08485476970672608
0.10671463198959827
0.09821592886000871
0.0906708613038063
0.046872612275183204
0.09893174692988396
0.07171671539545059
0.07349474094808102
0.05641691405326128
0.08988137748092413
0.08866189159452915
0.08851023912429809
0.05823297519236803
0.0759873017668724
0.05678462013602257
0.12866837084293364
0.07600871399044991
0.09596296343952418
0.05633519031107426
0.06663295738399029
0.06546781025826931
0.06948619671165943
0.11279286500066518
0.10980017706751824
0.07005614805966616
0.07756928093731404
0.042574727721512315
0.0897004360333085
0.09322401713579893
0.09917430114001036
0.07032904550433158
0.06520170755684376
0.10245267152786255
0.06390589512884617
0.0716013491153717
0.0440285911783576
0.04238752070814371
0.060076196864247325
0.09180686119943857
0.07479775752872228
0.03885919116437435
0.06865668557584285
0.09845370389521121
0.08009834978729487
0.06333633288741111
0.07367909699678421
0.046196548640727995
0.10570632666349411
0.11214842386543751
0.08913468476384878
0.08564001657068729
0.058809207566082475
0.07818763181567193
0.11922451555728912
0.09164494089782238
0.06743767019361258
0.12479917723685503
0.12163889780640602
0.07396461851894856
0.06559770740568638
0.06587474532425404
0.06484985407441854
0.09586909934878349
0.03555543422698974
0.07821949198842049
0.06367513332515955
0.07927342131733894
0.10462426096200943
0.06636574938893318
0.0629556706175208
0.05408828929066658
0.07331075128167867
0.08921993859112262
0.08301176577806473
0.0517357075586915
0.04771556481719017
0.07313032187521458
0.04702667482197285
0.07529580034315586
0.06976262703537942
0.0681411037221551
0.11896644085645676
0.1019575472921133
0.07288130596280099
0.07312851492315531
0.10229696705937386
0.06704735830426216
0.050154583714902404
0.07758037373423576
0.05709750410169363
0.11936760433018208
0.08969848118722439
0.06026240456849337
0.04911743253469467
0.07703480888158083
0.09959667474031449
0.08623481150716543
0.07407522946596146
0.08996457532048226
0.0816830025985837
0.05456559956073761
0.05357978027313948
0.04861515574157238
0.09400578383356333
0.11044298745691776
0.05502263754606247
0.08457395434379578
0.05209714509546757
0.07014321787282825
0.08742515910416841
0.04887441992759704
0.08774759359657765
0.07723988573998213
0.12142033614218235
0.04981806259602308
0.06993478946387768
0.06918348837643862
0.07738943416625262
0.046205208823084834
0.044416678696870805
0.04292185455560684
0.0959109053015709
0.07719851564615965
0.041215403005480766
0.06462563015520573
0.04003663212060928
0.12551588434726
0.0879522131755948
0.0805769182741642
0.05995353478938341
0.10179310776293278
0.096244035102427
0.04266922697424889
0.047926181182265284
0.06624391414225102
0.09008506033569574
0.0787379115819931
0.052129990234971044
0.0929783396422863
0.05896362420171499
0.07568859104067087
0.10271461792290211
0.08745388872921467
0.09124046582728625
0.06821478772908449
0.056858263723552224
0.07324255257844925
0.0508465314283967
0.07029199749231338
0.06426569726318121
0.03609324246644974
0.06741162538528442
0.06174479573965073
0.06711280196905137
0.06493772678077221
0.09074780438095331
0.10004644319415093
0.061754511296749116
0.09670512732118368
0.05368373915553093
0.06585194505751132
0.07706328965723515
0.07128006909042597
0.09837178830057383
0.0866157878190279
0.0660363683477044
0.11366805620491505
0.08220007866621018
0.05352147929370403
0.061805684305727485
0.0756313106045127
0.05558795556426048
0.06640591071918607
0.06861785985529423
0.10172301921993494
0.0679299883544445
0.07062751166522503
0.09056571163237095
0.06674630139023066
0.0869493443518877
0.04606892243027687
0.06865837499499321
0.08620438054203987
0.075515878200531
0.07763125579804182
0.08979809898883104
0.06868697553873063
0.07893116753548383
0.06898167915642262
0.0883436631411314
0.07322145793586969
0.06917591057717801
0.08930049762129784
0.09081371203064918
0.06223359163850546
0.06923848744481802
0.06193210445344448
0.0872452687472105
0.10922420136630535
0.09540274739265442
0.11340143699198961
0.0693592431023717
0.09552486184984446
0.0715917682275176
0.08287491220980883
0.0802518330514431
0.09369450062513351
0.07605059426277876
0.08687577396631241
0.09756496287882328
0.06821921598166228
0.043069960363209245
0.0475101824849844
0.1030973732471466
0.07916803378611803
0.1070874297991395
0.043270870856940744
0.05891477931290865
0.09938925113528967
0.11308810058981181
0.08338500317186118
0.0827390419319272
0.06977353654801846
0.0925239633768797
0.0694564376026392
0.08107625879347324
0.055633402429521084
0.07196567710489035
0.04078563842922449
0.06838721223175526
0.05842265449464321
0.07559263613075018
0.04059516489505768
0.08149795327335596
0.04572518542408943
0.06515771932899952
0.07169219329953194
0.051196723245084286
0.11700575407594442
0.0682828325778246
0.05187383536249399
0.057925963029265407
0.07298735678195953
0.06513655874878169
0.09383074138313532
0.04765759874135256
0.08858281373977661
0.07158018685877324
0.0882468519732356
0.09929019697010517
0.06928943879902363
0.05899394042789936
0.05958497319370508
0.06981069091707467
0.08529486320912838
0.09169309064745904
0.06864070370793343
0.06495867017656565
0.05321742873638868
0.0659885335713625
0.1116550475358963
0.07211059425026178
0.07255447916686535
0.07182312477380037
0.07467465717345476
0.0703745448961854
0.07588446587324142
0.08926893584430218
0.10283694826066495
0.07259118407964707
0.08753125779330731
0.0743043940514326
0.06939531434327365
0.09182438645511866
0.10872548539191484
0.08135551139712334
0.06520412340760232
0.05246703699231148
0.046533934958279136
0.07135298103094101
0.050577142275869846
0.05939550716429949
0.07459377702325583
0.09548056349158288
0.0909370943903923
0.049443977884948254
0.0704138895496726
0.08267369382083416
0.0745555067434907
0.05029912516474724
0.06075370628386736
0.049148626066744326
0.07179629728198052
0.08642225358635187
0.08876526765525342
0.08523835837841034
0.06189629398286343
0.06161145847290754
0.07781120669096708
0.0881777249276638
0.054413375444710255
0.05454470943659544
0.09386489000171423
0.07915552575141191
0.07592100165784359
0.04829013049602508
0.06858368143439293
0.060098225437104705
0.07448475267738104
0.09094986654818057
0.10633752383291721
0.10911481045186519
0.0995701028034091
0.07182815540581941
0.05695596598088741
0.05518598463386297
0.08969841916114092
0.09322102442383766
0.09807891957461834
0.0966930640861392
0.07660582531243562
0.033019338734447956
0.07988133262842893
0.06910754218697548
0.07722922712564469
0.052643494307994844
0.048795501329004766
0.052827525325119494
0.07166256252676248
0.052589607611298564
0.06602442488074303
0.09673872068524361
0.10915657691657543
0.0714253531768918
0.03889561668038368
0.08658948093652725
0.11447011344134808
0.08578140530735254
0.06276036314666271
0.06322472169995308
0.06330236606299877
0.08225336074829101
0.09925717040896416
0.07621425222605467
0.04027706980705261
0.049682718329131605
0.08501533884555101
0.08299506902694702
0.059328375943005086
0.09513444267213345
0.07816869970411063
0.08043047487735748
0.0800913404673338
0.09856632966548204
0.07633015085011721
0.07093575373291969
0.076041847653687
0.06822324562817812
0.08019857332110406
0.042832520045340064
0.06276417691260576
0.08241773378103971
0.03804183732718229
0.10252812243998051
0.05441645141690969
0.08455521631985903
0.10282332859933377
0.08339660577476024
0.0935663353651762
0.07326855883002281
0.09051422830671071
0.053868182562291624
0.05265900287777185
0.0680975366383791
0.08864860385656356
0.0464693745598197
0.07138078063726425
0.07916830312460661
0.12735913265496493
0.03720751907676458
0.0554279088973999
0.07836991529911756
0.061000541783869267
0.0949083024635911
0.07351912371814251
0.0905810460448265
0.07339178696274758
0.05487377960234881
0.07639480996876954
0.0737779725342989
0.04590934757143259
0.05691048465669155
0.0530310770496726
0.10952051896601915
0.08317338936030864
0.10424823090434074
0.10259992182254792
0.09779368042945862
0.10328418649733066
0.06389290075749159
0.07552376706153155
0.12597313057631254
0.08240499626845121
0.1037353366613388
0.07770701367408037
0.07588182874023915
0.06186199821531772
0.04560386091470718
0.07407293263822794
0.0803971415385604
0.0875843845307827
0.047807632759213445
0.0837382772937417
0.04867736846208572
0.06683734804391861
0.08131337501108646
0.1015762196853757
0.05550720039755106
0.08227187264710664
0.0773848095908761
0.04013348836451769
0.08514180630445481
0.07615018077194691
0.06928943693637848
0.09387348331511021
0.052192965522408485
0.08628808027133346
0.08129617981612683
0.06369993146508932
0.06693459264934062
0.10219653882086277
0.0772988423705101
0.06330201663076877
0.08712238073348999
0.06685292590409517
0.0836153319105506
0.06857462003827094
0.06597667504101992
0.08373237363994121
0.08368734028190375
0.064650933817029
0.07494823206216097
0.051545650139451026
0.06038730926811695
0.06308690141886472
0.06524424143135547
0.06045496445149183
0.12154652066528797
0.09307823590934276
0.07422990202903748
0.13881909139454365
