0.8496607184410095
0.530490830540657
0.6482667803764344
0.5067227095365524
0.5457245796918869
0.5269551575183868
0.5345025211572647
0.4650262057781219
0.42938514798879623
0.47500818967819214
0.3733206421136856
0.3664779379963875
0.4046263352036476
0.437848162651062
0.4018694132566452
0.34190492779016496
0.351381941139698
0.3921929240226746
0.36203330755233765
0.38724074214696885
0.3738300085067749
0.4051944077014923
0.336546516418457
0.36579874753952024
0.3053199589252472
0.34458807706832884
0.29970989376306534
0.30691524744033816
0.29912129044532776
0.29739235937595365
0.3113366276025772
0.29448854327201845
0.27797425240278245
0.36758227199316024
0.3025155484676361
0.3402190446853638
0.30060308128595353
0.29858877807855605
0.33062722384929655
0.2688003942370415
0.2840772271156311
0.2606243178248405
0.2475283533334732
0.23679420202970505
0.2850116014480591
0.2428829327225685
0.23736861124634742
0.28272301852703097
0.244784314930439
0.3066812478005886
0.23926097750663758
0.23589383587241172
0.2148335210978985
0.21797986552119256
0.20068161450326444
0.21151422187685967
0.20823927521705626
0.22087924554944038
0.26810247600078585
0.16476269960403442
0.19860101118683815
0.15452056899666786
0.18258572667837142
0.17231271788477898
0.16722036227583886
0.15738895982503892
0.20762795880436896
0.15500450804829596
0.2045381098985672
0.17675528600811957
0.14520807117223739
0.15762953013181685
0.18208615630865096
0.1725891537964344
0.14126169458031654
0.14392279423773288
0.14818152785301208
0.18881243634968997
0.14422545842826368
0.19631072431802749
0.2050634928047657
0.15994199439883233
0.12251519747078418
0.17458658888936043
0.19514371007680892
0.17132044583559036
0.18448390439152718
0.16096034571528434
0.18744556084275246
0.1395441796630621
0.17241969257593154
0.17518315315246583
0.17224854938685893
0.14614274688065051
0.15980740189552306
0.17921329364180566
0.1419894766062498
0.1297471396625042
0.10747579485177994
0.18207360804080963
0.14289258643984795
0.16700891479849816
0.1578575748950243
0.14673467203974724
0.17021133452653886
0.11661961935460567
0.14782909899950028
0.13690681234002114
0.15983614586293698
0.16059196293354033
0.145375844091177
0.12000526152551175
0.15623378604650498
0.15115254186093807
0.11356245167553425
0.17579117864370347
0.1998234774917364
0.13701864518225193
0.12210577521473169
0.2226569265127182
0.09605841636657715
0.15447348169982433
0.07754516769200563
0.12612854354083539
0.1313537996262312
0.18379858136177063
0.12021387666463852
0.11758039630949498
0.13842780850827693
0.12962890192866325
0.14040810503065587
0.1106732577085495
0.1281185220927
0.13987418189644812
0.15295428335666655
0.12893158458173276
0.14892161954194308
0.08602830432355404
0.10813119541853666
0.12095768898725509
0.12210396938025951
0.11003574542701244
0.11789580807089806
0.1803451929241419
0.09519353471696376
0.08007012996822596
0.10839376877993345
0.10185427702963352
0.14019638635218143
0.13037369698286055
0.12043057195842266
0.11362760923802853
0.1197602018713951
0.12420035637915135
0.06847324818372727
0.11106773409992457
0.1433240082114935
0.10918742753565311
0.13236439675092698
0.1354233093559742
0.08627763502299786
0.10396533422172069
0.11035297103226185
0.09774816706776619
0.10079043246805668
0.08897684514522552
0.11715877391397952
0.09668049216270447
0.11372111402451993
0.11844031661748886
0.16874422095716
0.1117999717593193
0.1626601044088602
0.11555424220860004
0.10396439470350742
0.13469139561057092
0.07932402789592743
0.14782529845833778
0.11946994625031948
0.09781905896961689
0.15631018429994584
0.06515448093414307
0.10424472317099572
0.12102001383900643
0.08001544587314129
0.12473981156945228
0.08957278598099946
0.08082357570528984
0.07988027799874545
0.1331115659326315
0.10673266611993312
0.13153560571372508
0.09130611028522254
0.09983148239552975
0.10330654010176658
0.10812100395560265
0.09269987046718597
0.12395651862025261
0.09833150319755077
0.07350998520851135
0.08525097370147705
0.12395164519548416
0.09999577775597572
0.09389633312821388
0.1260531973093748
0.14405542537569999
0.08496678657829762
0.07964202631264924
0.10157543402165174
0.14721779003739358
0.1001471757888794
0.08584862947463989
0.13939220122992993
0.08221918810158968
0.11580354124307632
0.11333244312554598
0.17306908667087556
0.08745579421520233
0.1552073571830988
0.09549386724829674
0.09279694519937039
0.11676784679293632
0.08608191534876823
0.1175205022096634
0.09037412777543068
0.1432451769709587
0.10502990297973155
0.09682699963450432
0.09903452303260565
0.09373713359236717
0.08823334518820047
0.09576344508677721
0.09373828023672104
0.1588881190866232
0.08125309254974127
0.08765278980135918
0.06493299417197704
0.09196760021150112
0.08113617189228535
0.10199408829212189
0.1440716300159693
0.101668431609869
0.14103116281330585
0.07285689376294613
0.08725742325186729
0.08319846577942372
0.14752001389861108
0.12226591780781745
0.07947434298694134
0.10014894027262926
0.08096136599779129
0.09334999732673169
0.08594526648521424
0.06336442362517118
0.09141249973326922
0.09659809656441212
0.054936664365231994
0.11432104893028736
0.1043609019368887
0.09954484608024358
0.11033397633582354
0.09283767789602279
0.12480815947055816
0.0773669183254242
0.08974917009472846
0.1103748770430684
0.16621563844382764
0.09160151444375515
0.11566629484295846
0.09613052569329739
0.10134723260998726
0.09119013473391532
0.1497077275067568
0.16719967797398566
0.07275903187692165
0.11223076991736888
0.10462968796491623
0.18703515455126762
0.13248766623437405
0.09344639200717211
0.11022009328007698
0.1114291463047266
0.12204230278730392
0.08285409864038229
0.12536208778619767
0.11202351190149784
0.17410344034433364
0.15523690059781076
0.09854575488716363
0.12059863731265068
0.09242419674992561
0.1226071109995246
0.12593973148614168
0.11430541090667248
0.15095213577151298
0.12673744298517703
0.09612492974847556
0.10151079129427672
0.09097776673734188
0.09717106558382511
0.08802160471677781
0.13048810102045535
0.11553886048495769
0.09800061006098985
0.12262723334133625
0.12125234641134738
0.11036279015243053
0.11557047180831433
0.07891391180455684
0.12164552100002765
0.11689662672579289
0.10847767330706119
0.11274120025336742
0.1271876309067011
0.10632935725152493
0.10293970219790935
0.10774848721921444
0.11099307164549828
0.10853197984397411
0.13922954220324754
0.12031952142715455
0.11824306361377239
0.12511428706347943
0.09912878535687923
0.14656584858894348
0.13674214985221625
0.0980356715619564
0.11869325041770935
0.09286124370992184
0.15055261850357055
0.14703221879899503
0.10164220202714205
0.11011168844997883
0.0942992925643921
0.1393001738935709
0.07581091988831759
0.08969468288123608
0.1051003348082304
0.10779094472527503
0.09219729714095592
0.11611197777092457
0.12295449785888195
0.10721085108816623
0.1249924909323454
0.05306133404374123
0.10483285672962665
0.08129854146391154
0.08926344215869904
0.09364723116159439
0.11942963805049658
0.08206871561706067
0.12471477128565311
0.11810088790953159
0.18769765384495257
0.14162986520677806
0.0887722335755825
0.09729394391179085
0.07221083454787731
0.13885533940047026
0.10560291782021522
0.12180094420909882
0.11372769847512246
0.08277110047638417
0.09765615910291672
0.08353646211326123
0.07866390179842711
0.10141166187822818
0.0687655920162797
0.11038499176502228
0.10841318462044
0.11038254126906395
0.09948870278894902
0.1256849244236946
0.08806163407862186
0.09677570443600417
0.08654815554618836
0.1326037559658289
0.09694544337689877
0.09097785837948322
0.08158005755394697
0.09932237900793553
0.11585150621831417
0.13592892289161682
0.1080545011907816
0.13226918280124664
0.13506070747971535
0.08035954851657152
0.100683069601655
0.08404338099062443
0.07854593880474567
0.10338018015027046
0.11685190796852112
0.09658320024609565
0.09406242091208697
0.1144435614347458
0.09877115115523338
0.11876574717462063
0.10235227923840284
0.11587231140583754
0.11645055580884218
