0.6709374135732651
0.6477826923131943
0.6420759862661362
0.6412117010354996
0.6306349512934685
0.6307593995332718
0.6334609740972519
0.6228564929962158
0.622782457768917
0.6265019235014916
0.6264108610153198
0.6327208697795867
0.6206909543275834
0.6197360175848007
0.6113447690010071
0.6279477372765541
0.6152277573943138
0.6276327472925186
0.6238735118508338
0.6193577003479004
0.608430657684803
0.6146181523799896
0.6097964861989021
0.6247687312960625
0.6107771342992783
0.6219115516543389
0.6224161913990974
0.6187968680262566
0.6256504768133163
0.6107849478721619
0.6211355891823769
0.6087362760305405
0.607110730111599
0.6191989043354988
0.6258015441894531
0.610500825047493
0.6196175003051758
0.6105093610286713
0.6064665934443474
0.615050850212574
0.6138496854901314
0.6079697450995445
0.6132215160131455
0.6180864790081978
0.6128502729535102
0.6076001325249671
0.6183163091540337
0.6179892688989639
0.6122235617041588
0.6086510589718819
0.6105327528715133
0.6071848887205124
0.6197479411959648
0.6198884651064873
0.6041280281543732
0.6107201933860779
0.6080122458934784
0.6079420140385627
0.6105917662382125
0.611708989739418
0.608350102007389
0.6188136479258537
0.6110106283426284
0.6099861812591553
0.6085907292366027
0.6132059234380722
0.6026020658016205
0.6233175578713417
0.6044485893845558
0.6163282564282417
0.6173028421401977
0.5908600342273712
0.6101539227366447
0.6087195080518722
0.6060338774323464
0.6062555181980133
0.6170932590961457
0.608496800661087
0.6006737539172172
0.6092732626199723
0.6147016358375549
0.5999380359053612
0.6075405251979827
0.5969215044379235
0.59799645870924
0.603336974978447
0.61198770403862
0.5996149560809135
0.6075954484939575
0.605477936565876
0.608782303929329
0.6024455997347832
0.6055769774317742
0.6022334063053131
0.6256809246540069
0.6067502957582473
0.6146574679017067
0.6047363781929016
0.6059300521016121
0.6004425764083863
0.5968632802367211
0.6047895318269729
0.6072886830568314
0.6082777118682862
0.603875777721405
0.5989531153440475
0.6043323600292205
0.6081025379896164
0.5956730252504349
0.600869931280613
0.6026712492108345
0.6138178312778473
0.6095746126770973
0.5980787348747253
0.6013149362802506
0.5993259584903717
0.6049372312426567
0.6077883398532867
0.6062352833151817
0.6146005606651306
0.6064310538768768
0.6159426337480545
0.6071184384822845
0.6089993622899056
0.5971725767850876
0.5902636501193047
0.6064839321374893
0.6061032515764236
0.6137574848532676
0.5911284840106964
0.5995353680849075
0.5989603441953659
0.5986219134926796
0.6090727332234382
0.5942952570319175
0.6056117761135101
0.5953017470240592
0.6076621726155281
0.60249764919281
0.5936601492762565
0.6042941117286682
0.6097543716430665
0.5921970182657241
0.6091507169604301
0.589080142378807
0.6120471477508544
0.6082846501469612
0.5920115742087364
0.6099478116631508
0.6040807750821113
0.5917163461446762
0.5887964594364167
0.6114196503162384
0.608644979596138
0.6057583844661713
0.5956133857369423
0.5945739731192589
0.5890605202317238
0.6042808374762535
0.6078466796875
0.606117539703846
0.5935371342301369
0.5966933292150497
0.6220358848571778
0.5949200311303139
0.6045128431916237
0.5994138491153717
0.6055661115050316
0.591158552467823
0.5960624438524246
0.6030345550179481
0.6108257302641869
0.5965071257948875
0.5943523290753364
0.594095586836338
0.6049242368340493
0.5968948486447334
0.5950852939486504
0.602032744884491
0.6080011636018753
0.6029358020424843
0.6034988328814507
0.6100059419870376
0.6046799936890602
0.5946602311730385
0.6017295971512795
0.5945208352804184
0.5945395389199257
0.5915945219993591
0.5997139626741409
0.5976940986514091
0.596061646938324
0.5895864900946617
0.594552344083786
0.5984769994020462
0.6038288748264313
0.6103728705644608
0.5988089540600776
0.5960366469621659
0.6030960258841515
0.5948976361751557
0.6038751584291459
0.6065221801400185
0.6094925421476364
0.6036073815822601
0.5899413350224495
0.5979303035140038
0.6135013020038604
0.6004802897572518
0.5951986208558082
0.603362033367157
0.5902052021026611
0.5956450480222703
0.5948335403203964
0.594865480363369
0.6012657195329666
0.6028905773162841
0.5907142299413681
0.6007457596063613
0.5833768740296363
0.5947235524654388
0.5974330013990402
0.6061486229300499
0.6037753996253014
0.5910874438285828
0.5798896789550781
0.6020061972737313
0.5982191848754883
0.5859935444593429
0.5995883437991142
0.5986550304293633
0.5990046483278274
0.6001619842648506
0.6037749272584915
0.6048665684461594
0.6037281504273415
0.5982613894343376
0.592600132226944
0.5977393904328346
0.6008043774962425
0.5957981267571449
0.5923001846671104
0.5880871734023094
0.5843172165751457
0.5880556905269623
0.5958230879902839
0.5965578639507294
0.598420941233635
0.617721956372261
0.601121344268322
0.5887038627266884
0.5977180910110473
0.5945548236370086
0.5980571326613426
0.5976484927535057
0.5959304866194725
0.6074456605315208
0.5978468441963196
0.580460362136364
0.5926739943027496
0.6033206436038018
0.5950926753878594
0.6003867870569229
0.5901533934473991
0.5961361765861511
0.5972117522358894
0.6062689459323883
0.6068934774398804
0.5977573335170746
0.5972445321083069
0.5826957300305367
0.5896732312440872
0.5932142046093941
0.6029751208424569
0.5942011544108391
0.5860168904066085
0.5898854032158851
0.5964089632034302
0.5972691363096237
0.6026899346709251
0.6117342793941498
0.5925136807560921
0.5997806337475776
0.5882574179768563
0.5981248489022255
0.596023086309433
0.5967852482199669
0.5871721124649047
0.5913844093680382
0.5947028294205665
0.59859315097332
0.6018444103002548
0.6091223028302193
0.5972634664177895
0.6007302135229111
0.590763179063797
0.5971684846282005
0.5918238374590874
0.5971127089858055
0.5900387790799141
0.5950406977534294
0.5923422572016716
0.5933953243494033
0.5941857317090035
0.5841412711143493
0.5969188630580902
0.5905964791774749
0.5938649481534958
0.5995135727524757
0.5974006140232087
0.5762551522254944
0.5999670740962029
0.6015486499667168
0.6129803401231766
0.5955743649601937
0.5962913316488266
0.5924790611863137
0.5817120033502579
0.5842839992046356
0.5966233053803444
0.5953840601444245
0.5969677755236625
0.5877658805251121
0.5971649742126465
0.594712290763855
0.597683499455452
0.5899329409003258
0.5861995664238929
0.5971872925758361
0.5974378910660744
0.5951890277862549
0.5953297942876816
0.5862452599406243
0.5987576162815094
0.5924244832992553
0.5940451923012734
0.6015125477313995
0.5848959591984749
0.5893218964338303
0.5885592797398567
0.5931990787386894
0.5843792980909348
0.6081402063369751
0.5856389090418815
0.5894429093599319
0.591968130171299
0.5942570322751999
0.5914256250858307
0.5832796621322632
0.5932909020781517
0.5934743890166283
0.5946009993553162
0.5912220904231071
0.5873654863238335
0.5852363047003746
0.5930862978100777
0.6033037969470024
0.5940738493204116
0.590578342974186
0.5885646432638169
0.5864932686090469
0.5893177410960198
0.5871634018421173
0.5958755603432655
0.5918268013000488
0.5912876898050308
0.5906317555904388
0.5864962488412857
0.5981946882605552
0.5931390827894211
0.5856244269013405
0.5860875457525253
0.5945201715826989
0.593004244863987
0.5934826117753983
0.5941886100172996
0.5903927332162857
0.5856389164924621
0.6036207610368729
0.5858683684468269
0.586252803504467
0.5889805188775062
0.5929828548431396
0.5821152403950691
0.6023550420999527
0.5938186630606651
0.5827205872535706
0.5904632604122162
0.5936283320188522
0.5857265323400498
0.5886268302798271
0.5840886074304581
0.5989266869425773
0.5906350791454316
0.5975048005580902
0.5978878915309906
0.6006629958748817
0.5958085095882416
0.6070755165815354
0.5849533474445343
