0.6894502699375152
0.6377456545829773
0.5800823032855987
0.4872624397277832
0.5139129608869553
0.5275160104036332
0.47791687548160555
0.5726455897092819
0.542133417725563
0.5835504114627839
0.5459217488765716
0.49076744019985197
0.45210376381874084
0.45149495303630827
0.4056126356124878
0.4855621486902237
0.5684733659029007
0.49333032965660095
0.6161527693271637
0.5138667404651642
0.5053240984678269
0.410602742433548
0.48120552152395246
0.5006431430578232
0.44979814887046815
0.4442977994680405
0.4170146197080612
0.37831193804740904
0.4335213750600815
0.42655556201934813
0.39345549046993256
0.3678307980298996
0.42656461149454117
0.4202840268611908
0.4024097114801407
0.4511739701032639
0.41763812601566314
0.39236938655376435
0.381893926858902
0.4560286670923233
0.36660330146551134
0.43940613865852357
0.3834349811077118
0.32986476123332975
0.33098684549331664
0.3748760730028152
0.3842128783464432
0.3135793790221214
0.3202816292643547
0.34144716113805773
0.3936934590339661
0.37917440831661225
0.3425057724118233
0.3364643841981888
0.3374845415353775
0.39744709730148314
0.37517224103212354
0.32526068985462187
0.34643644094467163
0.34384667575359346
0.2793865859508514
0.3258361130952835
0.31743730455636976
0.36512420475482943
0.2941608041524887
0.35790459662675855
0.30647614449262617
0.34751585870981216
0.2927585244178772
0.31933853328227996
0.2723537296056747
0.34771125614643095
0.347757014632225
0.36000147461891174
0.33806014657020567
0.27652438879013064
0.32918196767568586
0.35516789704561236
0.31384588181972506
0.38966854512691496
0.30234298706054685
0.2982433259487152
0.3138524517416954
0.25019437819719315
0.3299938812851906
0.28509531170129776
0.3002181872725487
0.3182384938001633
0.35347051322460177
0.266934309899807
0.2376126267015934
0.28130030930042266
0.2586857080459595
0.2613193362951279
0.2987097457051277
0.2839432954788208
0.295057088136673
0.2941098153591156
0.3110299989581108
0.3513029545545578
0.29240053668618204
0.3373574748635292
0.2668311282992363
0.27315906882286073
0.2605691835284233
0.2737461715936661
0.34288347512483597
0.2848642528057098
0.27590547055006026
0.30092537105083467
0.33047641068696976
0.2838522955775261
0.3088844656944275
0.2737062394618988
0.30796441733837127
0.2158642068505287
0.24035689383745193
0.28326855003833773
0.27259461879730223
0.24263413101434708
0.2887105867266655
0.31096272021532056
0.2893242001533508
0.24704846739768982
0.3336047142744064
0.3179430142045021
0.3263501048088074
0.2461025282740593
0.31392204463481904
0.26638716012239455
0.26366012543439865
0.2701359957456589
0.32248127460479736
0.2613526701927185
0.3082448571920395
0.3191161066293716
0.24555286318063735
0.34129410684108735
0.27405246049165727
0.27464500814676285
0.27970448434352874
0.28998479098081587
0.2934416070580482
0.31794200986623766
0.321221786737442
0.2962492600083351
0.3182495430111885
0.25650846511125563
0.2698050022125244
0.31036243587732315
0.30655675679445266
0.253738109767437
0.2684361316263676
0.27909927219152453
0.30734827518463137
0.2819585934281349
0.2561807706952095
0.25556961745023726
0.30795442014932634
0.30682501941919327
0.24281239435076712
0.2751691445708275
0.2588351875543594
0.2608437933027744
0.30347317457199097
0.25722418576478956
0.2852534011006355
0.22093695923686027
0.26757009103894236
0.26637010648846626
0.22965099811553955
0.253357458114624
0.24857197552919388
0.2496611624956131
0.29937929213047026
0.286342017352581
0.24915894418954848
0.23275024592876434
0.24579416811466218
0.2877086579799652
0.3043182298541069
0.2469170168042183
0.2500980690121651
0.3105501219630241
0.22467661798000335
0.2610233098268509
0.22614781260490419
0.2779261350631714
0.25721336901187897
0.3016444519162178
0.29375811070203783
0.24691248089075088
0.24321855306625367
0.23399535268545152
0.26642157435417174
0.2813140988349915
0.2723674297332764
0.290340730547905
0.26882126182317734
0.2602157473564148
0.2969767481088638
0.24051241278648378
0.3398756250739098
0.28338340669870377
0.2690404668450356
0.3115155205130577
0.28545437157154085
0.24011252149939538
0.2525539815425873
0.29006130546331405
0.24448981136083603
0.2526657357811928
0.2843325942754745
0.25609898418188093
0.249700628221035
0.26856762915849686
0.25598489195108415
0.32388325929641726
0.299750579893589
0.2558980442583561
0.3061743125319481
0.2581747964024544
0.2697871387004852
0.25805084928870203
0.2748789772391319
0.27346337884664534
0.24036675542593003
0.2098113104701042
0.2972158998250961
0.3051666274666786
0.288528148829937
0.2566733151674271
0.27315914034843447
0.23281945735216142
0.2413247101008892
0.23749845549464227
0.2743495211005211
0.26611797213554383
0.29251629114151
0.24431975074112416
0.26576558202505113
0.26057945340871813
0.28167886584997176
0.25783282816410064
0.31177996695041654
0.26664707213640215
0.3074740648269653
0.37671285271644595
0.27664279043674467
0.3250118687748909
0.3020292460918427
0.2791737154126167
0.32344509065151217
0.2863820865750313
0.3154861181974411
0.284105210006237
0.25421147495508195
0.2575859874486923
0.27812158316373825
0.2483959451317787
0.28369316309690473
0.28025812804698946
0.27249201089143754
0.223970165848732
0.2951391637325287
0.28789026737213136
0.26407933086156843
0.2713553264737129
0.2680781692266464
0.2444187268614769
0.22623952627182006
0.261833418905735
0.29603753238916397
0.27958669066429137
0.2629316568374634
0.30764662474393845
0.2652875170111656
0.31170576959848406
0.31793086379766466
0.28622783720493317
0.24110548198223114
0.32689208984375
0.2517026662826538
0.27358702570199966
0.24566880017518997
0.20192866772413254
0.2925036132335663
0.262150003015995
0.22498562335968017
0.3140429213643074
0.2551330700516701
0.2972596809267998
0.2405623070895672
0.269871024787426
0.24419022649526595
0.27081620693206787
0.3074668303132057
0.23234135955572127
0.2747313275933266
0.27406603246927264
0.28226578086614607
0.24812315851449968
0.2973449230194092
0.253930826485157
0.29523969292640684
0.273148612678051
0.27428907454013823
0.25055856853723524
0.29439672231674197
0.2613540828227997
0.2891110867261887
0.28572953790426253
0.3110481396317482
0.3096681386232376
0.2622292436659336
0.24220496267080308
0.2666952103376389
0.28666016533970834
0.22975030168890953
0.26833519637584685
0.2779918357729912
0.3088046908378601
0.2716136872768402
0.24900066554546357
0.2784184917807579
0.2813722535967827
0.2929412662982941
0.28955465853214263
0.23857322707772255
0.30001562684774397
0.21989246606826782
0.24843477606773376
0.2554663047194481
0.25495689287781714
0.25411351174116137
0.25038576126098633
0.2821477800607681
0.24153922349214554
0.30721835047006607
0.24565605968236923
0.28864731192588805
0.24857060611248016
0.2686203375458717
0.2728409573435783
0.2346064865589142
0.2639455184340477
0.3266612574458122
0.2703331097960472
0.23453407734632492
0.21915891245007516
0.2839678004384041
0.2768399715423584
0.30257139950990675
0.32244723588228225
0.2662570357322693
0.23922798708081244
0.2409025214612484
0.2697394132614136
0.28380395472049713
0.23280589506030083
0.2998445048928261
0.267591817677021
0.3026465579867363
0.319795460999012
0.3162732869386673
0.3056318074464798
0.2805734023451805
0.26306297481060026
0.23264545053243638
0.20523742437362671
0.26212966814637184
0.23702179193496703
0.3005141541361809
0.2694721847772598
0.24347845166921617
0.25717792958021163
0.3243831187486649
0.245612832903862
0.3226932093501091
0.23578668236732483
0.2275148317217827
0.29464333802461623
0.27461685091257093
0.24669103920459748
0.248631052672863
0.3004980579018593
0.2641044095158577
0.3365010038018227
0.28129116743803023
0.28203928768634795
0.26844570189714434
0.33409577012062075
0.23279066979885102
0.2816814973950386
0.3033437326550484
0.27167667746543883
0.29398819208145144
0.2861362904310226
0.27152979001402855
0.2538652777671814
0.2884801417589188
0.24238500073552133
0.2694556057453156
0.21465378254652023
0.25274927318096163
0.29110058695077895
0.2368707001209259
0.23421214073896407
0.29846525490283965
0.276886074244976
0.26193239390850065
0.32176505625247953
0.23377186208963394
0.2736125111579895
0.24090883433818816
0.27249175757169725
0.2466568261384964
0.2613367445766926
0.24486070722341538
0.2818072661757469
0.26226664930582044
0.29039317071437837
0.2538005471229553
0.2520457409322262
0.22816696166992187
0.30814064890146253
0.2940864711999893
0.26713230162858964
0.29102818965911864
0.23302679508924484
0.23965504318475722
0.2751250982284546
0.24473980069160461
0.28973927795886995
0.26332976669073105
0.24293383285403253
0.3135425835847855
0.25663082748651506
0.23904191255569457
0.26983592212200164
0.24749487414956092
0.31635468900203706
0.2882357552647591
0.2897359997034073
0.23922403752803803
0.2815423130989075
0.24077836126089097
0.2857131578028202
0.2297436088323593
0.2760367050766945
0.2607609033584595
0.24770592376589776
0.299453204870224
0.2870548203587532
0.28146216720342637
0.26829676032066346
0.21612782776355743
0.2818548321723938
0.3210687473416328
0.25005120486021043
0.23339322879910468
0.304688623547554
0.26633248701691625
0.2600353121757507
0.2502602279186249
0.3005332738161087
0.2366097241640091
0.2572789445519447
0.24633550122380257
0.28385351598262787
0.303730970621109
0.2480476677417755
0.2959791675209999
0.2534888818860054
0.22646480202674865
0.2914467230439186
0.26652547270059584
0.29088717699050903
0.2854125961661339
0.259212327003479
0.20737333297729493
0.26446456015110015
0.2507001593708992
0.2655304133892059
0.28382939398288726
0.27710974141955375
0.28855873346328736
0.25858583599328994
0.24488676339387894
0.2489982418715954
0.3049667298793793
0.2654732584953308
0.29617271572351456
0.26100592464208605
0.2873393580317497
0.19434146881103515
0.2655139103531837
0.2546477474272251
0.24730484336614608
0.3014272928237915
