0.6576496839523316
0.6514521360397338
0.6096960604190826
0.5779704958200454
0.49598941802978513
0.6367328822612762
0.4498185470700264
0.4473599433898926
0.4588090032339096
0.3361986458301544
0.42830619513988494
0.36181358695030214
0.3755365550518036
0.3202437937259674
0.4205690503120422
0.3282906174659729
0.3696000322699547
0.25409994274377823
0.313692806661129
0.34132983088493346
0.3192509666085243
0.3630488604307175
0.3136225536465645
0.3360499367117882
0.28546074628829954
0.29342000633478166
0.30877067893743515
0.249307781457901
0.32822428941726683
0.294963937997818
0.2909303605556488
0.2897703617811203
0.2990927368402481
0.33908361941576004
0.2954250231385231
0.2489423006772995
0.3383489891886711
0.3225414752960205
0.29149568676948545
0.273846173286438
0.25994792878627776
0.2905722051858902
0.3224237561225891
0.2623679436743259
0.32099983245134356
0.3084142401814461
0.36966739892959594
0.2817185834050179
0.33115062713623045
0.24996749311685562
0.3069868966937065
0.23926338851451873
0.26822451800107955
0.316316182911396
0.25168266594409944
0.24573487788438797
0.2623359650373459
0.24267593175172805
0.26887079179286955
0.18893108442425727
0.2738230012357235
0.22484776973724366
0.20519882664084435
0.27232964932918546
0.2367686152458191
0.3150448739528656
0.28121518045663835
0.2473939225077629
0.2747631847858429
0.2620598927140236
0.21483338475227357
0.24589111357927323
0.2750756487250328
0.22260207384824754
0.23871525079011918
0.21760066375136375
0.2046472690999508
0.1590013951063156
0.17394943088293074
0.2048850640654564
0.2049739643931389
0.22247570678591727
0.2631528913974762
0.22744258344173432
0.18559549376368523
0.2013089120388031
0.19165859445929528
0.21137844771146774
0.20605084747076036
0.17665861919522285
0.20619334280490875
0.2295376904308796
0.1944883093237877
0.1903650350868702
0.20157328397035598
0.1571236126124859
0.12168119549751281
0.22219453006982803
0.22950426116585732
0.22539472430944443
0.20727581158280373
0.24102237746119498
0.19869361221790313
0.21152744069695473
0.20733030885457993
0.20861986353993417
0.24387922883033752
0.17827363908290864
0.19566958248615265
0.20497390925884246
0.17070050090551375
0.20799363479018212
0.1418483152985573
0.14421989545226097
0.1466130532324314
0.1789297915995121
0.2116844780743122
0.1553420290350914
0.16936346888542175
0.2301110029220581
0.16100499108433725
0.18601933047175406
0.19007778018712998
0.1711952030658722
0.17091474533081055
0.17615072652697564
0.14283732324838638
0.182681430503726
0.172542704641819
0.1697738863527775
0.11808855161070823
0.16950390562415124
0.17124951779842376
0.24189772680401803
0.23189430683851242
0.191009820997715
0.15092947110533714
0.1917167693376541
0.21815054267644882
0.1647878035902977
0.21717185154557228
0.143741724640131
0.1798490636050701
0.20117701813578606
0.181768187135458
0.1992100104689598
0.157036654651165
0.20118534713983535
0.20706040933728218
0.16186629012227058
0.14816978089511396
0.1545811455696821
0.1411038652062416
0.15857251584529877
0.15693701878190042
0.1452089674770832
0.14764541164040565
0.13879936411976815
0.19555132165551187
0.15002125948667527
0.14389837980270387
0.16985103897750378
0.13619459345936774
0.1824970841407776
0.15208479166030883
0.202861674875021
0.15094345733523368
0.18220905177295207
0.19797855764627456
0.1777566857635975
0.12694668099284173
0.16184496358036995
0.21767684519290925
0.14561204314231874
0.19086023941636085
0.20117608308792115
0.1268429908901453
0.14926552288234235
0.1450903233140707
0.14395852535963058
0.15472846068441867
0.21897499412298202
0.15231895297765732
0.18049180284142494
0.1578705906867981
0.2452377088367939
0.1876416217535734
0.19688790887594224
0.201071735098958
0.15692157298326492
0.13116401098668576
0.15612925216555595
0.1901525802910328
0.14770378097891806
0.16545849665999413
0.18663953021168708
0.15632654093205928
0.13049692660570145
0.14723683670163154
0.1487421490252018
0.18203847706317902
