0.6368168592453003
0.7268590927124023
0.6279383301734924
0.4666901230812073
0.6089203357696533
0.7142731547355652
0.9177364110946655
0.5435783267021179
1.0680108070373535
0.6989610195159912
0.5139521360397339
0.6601656079292297
0.5130035877227783
0.51976478099823
0.5064608454704285
0.8739633560180664
0.33495867252349854
0.6519739627838135
0.4901328682899475
0.5086352825164795
0.806782603263855
1.3417445421218872
0.3448789417743683
0.7694078087806702
0.5555453300476074
0.7961913347244263
0.3761880099773407
0.5073517560958862
0.47986605763435364
0.662091851234436
0.6780810356140137
0.38646769523620605
0.2970865070819855
1.2623507976531982
1.0404237508773804
0.6770813465118408
0.45285558700561523
0.7047648429870605
0.7607841491699219
1.1018487215042114
0.5702356100082397
0.543062150478363
0.2602890729904175
0.35254472494125366
0.48066970705986023
1.0874321460723877
0.2171858847141266
0.5732845067977905
0.5800374746322632
0.30164584517478943
0.48746299743652344
0.3788813650608063
0.26936420798301697
0.32448968291282654
0.3205943703651428
0.30034947395324707
0.3410504460334778
0.35059335827827454
0.3047809898853302
0.23463544249534607
0.47843873500823975
0.2796565592288971
0.31487423181533813
0.3545062243938446
0.4394003748893738
0.37316614389419556
0.5007860660552979
0.5118736624717712
0.3322519361972809
0.29326313734054565
0.3970158100128174
0.23272325098514557
0.5921666622161865
0.39345014095306396
0.5757993459701538
0.3599280118942261
0.3869458734989166
0.24136781692504883
0.2531708776950836
0.44006139039993286
0.1910933554172516
0.27922946214675903
0.3192122280597687
0.40516459941864014
0.6498896479606628
0.2822509706020355
0.27896571159362793
0.38058945536613464
0.574894368648529
0.4608679711818695
0.3170100450515747
0.2224610149860382
0.46640077233314514
0.30135756731033325
0.22277818620204926
0.4446600675582886
0.29852211475372314
0.21139977872371674
0.5217762589454651
0.40106257796287537
0.34533706307411194
0.3232324421405792
0.26930752396583557
0.3684300184249878
0.24052266776561737
0.39788809418678284
0.2857125401496887
0.4066682457923889
0.3288784623146057
0.24178631603717804
0.3460300862789154
0.25506654381752014
0.32283928990364075
0.24646873772144318
0.3382629156112671
0.23775623738765717
0.25170090794563293
0.4480620324611664
0.42436546087265015
0.3183651864528656
0.3250725269317627
0.22309252619743347
0.3405503034591675
0.3744220435619354
0.2430984377861023
0.2703363001346588
0.3502153158187866
0.21808332204818726
0.21166764199733734
0.2768059968948364
0.43466758728027344
0.2994982600212097
0.21698281168937683
0.217216357588768
0.3145621120929718
0.45599448680877686
0.3070657253265381
0.20546197891235352
0.15893591940402985
0.21325525641441345
0.27908098697662354
0.26489460468292236
0.28560906648635864
0.17901799082756042
0.5736334323883057
0.4595116376876831
0.18015801906585693
0.2105739712715149
0.2783263027667999
0.32428669929504395
0.3670138716697693
0.22531947493553162
0.24743874371051788
0.2458379864692688
0.29674461483955383
0.23940101265907288
0.39112043380737305
0.28512057662010193
0.29970023036003113
0.4245494306087494
0.30429142713546753
0.24806568026542664
0.14669500291347504
0.20211724936962128
0.26052552461624146
0.38917869329452515
0.40181100368499756
0.3200848698616028
0.2819374203681946
0.3776651620864868
0.2982134222984314
0.429103821516037
0.24934934079647064
0.238515704870224
0.36967146396636963
0.3567841649055481
0.30554062128067017
0.24833501875400543
0.25308001041412354
0.41743841767311096
0.3044189214706421
0.1661204993724823
0.40959060192108154
0.35692697763442993
0.2961891293525696
0.46513134241104126
0.3247164487838745
0.31576913595199585
0.38208264112472534
0.6421916484832764
0.5945327877998352
0.4245152175426483
0.16637520492076874
0.2572329044342041
0.26208269596099854
0.2735382914543152
0.2625906467437744
0.12243026494979858
0.22379463911056519
0.4174356460571289
0.14956876635551453
0.16519413888454437
0.46320661902427673
0.4018958508968353
0.3262813687324524
0.2635018825531006
0.31354135274887085
0.18283025920391083
0.2456217110157013
0.3156192898750305
0.2243013083934784
0.5355283617973328
0.15122893452644348
0.3046989142894745
0.19208496809005737
0.37339717149734497
0.2519150972366333
0.23728248476982117
0.2252848744392395
0.45030859112739563
0.2166987657546997
0.3641650974750519
0.2974480986595154
0.23962996900081635
0.5216447710990906
0.21267902851104736
0.32282304763793945
0.2637881338596344
0.3625953495502472
0.23689225316047668
0.26464539766311646
0.4082847833633423
0.23542994260787964
0.41437676548957825
0.31760790944099426
0.3169732093811035
0.3879196047782898
0.37642902135849
0.17273004353046417
0.18767063319683075
0.24968916177749634
0.3001061677932739
0.23073314130306244
0.2281797230243683
0.2925264835357666
0.2573692500591278
0.16964015364646912
0.30521202087402344
0.5377147197723389
0.2310589849948883
0.5179141163825989
0.24221140146255493
0.3211025595664978
0.3648560047149658
0.33745139837265015
0.22871819138526917
0.3166723847389221
0.1960841715335846
0.23325993120670319
0.3095429539680481
0.27917835116386414
0.33219635486602783
0.27966535091400146
0.24730075895786285
0.42938733100891113
0.40275269746780396
0.3508231043815613
0.3930123448371887
0.5201795101165771
0.15886899828910828
0.29414230585098267
0.2784481644630432
0.35968369245529175
0.5637804269790649
0.28908026218414307
0.28260427713394165
0.21026819944381714
0.32948777079582214
0.25736576318740845
0.5211053490638733
0.37593668699264526
0.6151044964790344
0.3852021098136902
0.16560521721839905
0.3770526349544525
0.25707846879959106
0.20435139536857605
0.2628161311149597
0.24366407096385956
0.6851633191108704
0.28476589918136597
0.31851691007614136
0.27337393164634705
0.5808331370353699
0.24767212569713593
0.41355007886886597
0.43877479434013367
0.3020285964012146
0.34878361225128174
0.2997826635837555
0.3866294026374817
0.38064897060394287
0.42810818552970886
0.4023546874523163
0.4759228527545929
0.3172862231731415
0.30836930871009827
0.22784091532230377
0.42235255241394043
0.2740606367588043
0.15658630430698395
0.35036522150039673
0.22944068908691406
0.34745970368385315
0.3293021023273468
0.2617785632610321
0.27825620770454407
0.3669774532318115
0.3046232759952545
0.16089148819446564
0.24495336413383484
0.2800416648387909
0.18690216541290283
0.515190601348877
0.32887864112854004
0.2925865948200226
0.2656462490558624
0.5758724212646484
0.3924526274204254
0.15860652923583984
0.31455114483833313
0.2280782163143158
0.21853631734848022
0.21770480275154114
0.2370268702507019
0.3211027681827545
0.41084662079811096
0.23650284111499786
0.36978790163993835
0.15661370754241943
0.41261985898017883
0.47840654850006104
0.35920795798301697
0.2719688415527344
0.22125719487667084
0.24128875136375427
0.2197924107313156
0.20576788485050201
0.30711936950683594
0.2713911235332489
0.25551342964172363
0.27653199434280396
0.4084521532058716
0.2323596179485321
0.4118030071258545
0.3049783408641815
0.44413313269615173
0.20601585507392883
0.38010522723197937
0.3363040089607239
0.2251647412776947
0.4606085419654846
0.3007272183895111
0.36272990703582764
0.2437077909708023
0.4949570298194885
0.45328986644744873
0.5041728615760803
0.23580875992774963
0.1946498453617096
0.32967376708984375
0.24717772006988525
0.216981440782547
0.38483503460884094
0.1861279457807541
0.3604145050048828
0.3162306249141693
0.2566947937011719
0.45724114775657654
0.26076391339302063
0.31515470147132874
0.21705853939056396
0.40469908714294434
0.29513704776763916
0.23170118033885956
0.31204110383987427
0.24517230689525604
0.32806921005249023
0.2883821725845337
0.5222498178482056
0.40676167607307434
0.38438746333122253
0.42001038789749146
0.3526320457458496
0.2836431562900543
0.2773118317127228
0.28410419821739197
0.2588120698928833
0.41401785612106323
0.304344117641449
0.42482122778892517
0.25340360403060913
0.419087678194046
0.40549135208129883
0.48535051941871643
0.2660221457481384
0.20920413732528687
0.20477113127708435
0.5998135209083557
0.3645542562007904
0.41241276264190674
0.43629926443099976
0.28548893332481384
0.3223455250263214
0.30512338876724243
0.21631021797657013
0.28264468908309937
0.23097088932991028
0.46485087275505066
0.710931658744812
0.3841145634651184
0.2445967048406601
0.38480204343795776
0.587251603603363
0.34949415922164917
0.2493218183517456
0.3830237090587616
0.3621780276298523
0.2677614688873291
0.4992572069168091
0.49760472774505615
0.1312529444694519
0.21042552590370178
0.18922220170497894
0.2580971121788025
0.4447208046913147
0.2897239029407501
0.2214495837688446
0.39958906173706055
0.21851404011249542
0.30839985609054565
0.42007723450660706
0.3146234452724457
0.22708672285079956
0.23671048879623413
0.4522853195667267
0.21323493123054504
0.2480897456407547
0.29403233528137207
0.3657296895980835
0.5385278463363647
0.2876998484134674
0.35539117455482483
0.20518143475055695
0.4168214201927185
0.43872326612472534
0.40970247983932495
0.5446993708610535
0.2994948625564575
0.5013579726219177
0.5171674489974976
0.3432164192199707
0.3687087893486023
0.42298659682273865
0.518548846244812
0.41596728563308716
0.23483246564865112
0.3003576099872589
0.1899019479751587
0.333219438791275
0.4828278720378876
0.30672383308410645
0.3923371434211731
0.21089822053909302
0.4751015603542328
0.26021263003349304
0.38643398880958557
0.4229092597961426
0.3174792230129242
0.33592653274536133
0.3423677384853363
0.2505400776863098
0.20965635776519775
0.5655642747879028
0.20686689019203186
0.2947319447994232
0.23500783741474152
0.2784792184829712
0.28492024540901184
0.1997433453798294
0.32597947120666504
0.20356525480747223
0.2993970513343811
0.3964293897151947
0.20579031109809875
0.3300696909427643
0.33032965660095215
0.492697536945343
0.24830040335655212
0.3799472749233246
0.40513846278190613
0.2897374927997589
