0.757093133032322
0.5324750751256943
0.4803939051926136
0.37365640737116335
0.3993174947798252
0.45698519572615626
0.35883934497833253
0.41346831768751147
0.29626497626304626
0.31912184655666354
0.32669328041374684
0.3423972211778164
0.28391382470726967
0.3039990998804569
0.3272735558450222
0.4019016906619072
0.2544645115733147
0.27894567549228666
0.2800697386264801
0.2917964614927769
0.3195927210152149
0.2557757042348385
0.21908839121460916
0.25420187674462796
0.2950125716626644
0.3312384098768234
0.23419147953391076
0.266092162579298
0.28912952095270156
0.26539463698863985
0.25011176988482475
0.2535209350287914
0.19584636613726616
0.23998032473027706
0.2112803179770708
0.18134204801172019
0.24734910763800144
0.2623940609395504
0.23789479732513427
0.20383045822381973
0.20860025994479656
