0.8200215220451355
0.982578095793724
0.8008855164051056
0.6438948214054108
0.5631998628377914
0.6845116525888443
0.7728376448154449
0.5814339458942414
0.4738344937562943
0.47220479547977445
0.4683258533477783
0.5488513499498368
0.49382377564907076
0.39793105125427247
0.3811200842261314
0.5167252421379089
0.4601140707731247
0.42913269996643066
0.4321648746728897
0.36977471113204957
0.38481308668851855
0.38461568504571914
0.395030215382576
0.3680501729249954
0.3703005567193031
0.378886978328228
0.34867172688245773
0.4291900277137756
0.38706100881099703
0.5046968817710876
0.46021169424057007
0.4613926768302917
0.35995927155017854
0.45840016901493075
0.43431544601917266
0.34093190133571627
0.35344562530517576
0.4026113361120224
0.30055374950170516
0.3070859104394913
0.3054316878318787
0.30600773096084594
0.320416533946991
0.278187258541584
0.3200296118855476
0.3442254990339279
0.32474153488874435
0.3749812990427017
0.28910246565937997
0.2882759690284729
0.2732577696442604
0.3012894481420517
0.3641234487295151
0.22491088211536409
0.25599697828292844
0.26985530853271483
0.20583629980683327
0.2983900263905525
0.2857511222362518
0.24366986528038978
0.24961898922920228
0.26249995529651643
0.23099685311317444
0.24184941202402116
0.23682723566889763
0.2662962608039379
0.22547953799366952
0.23104806020855903
0.2855211734771729
0.24441379308700562
0.2907297819852829
0.2797197103500366
0.27343959659337996
0.2682357385754585
0.28518772423267363
0.2555456146597862
0.22733909338712693
0.19886225312948227
0.24172670245170594
0.1962371077388525
0.23683805838227273
0.2504951789975166
0.16637123003602028
0.19329989776015283
0.19547730907797814
0.20378729701042175
0.20568085163831712
0.18264300748705864
0.13979191556572915
0.18155121952295303
0.2106917195022106
0.2252615362405777
0.18826223388314248
0.19230082780122756
0.2414542853832245
0.2165122628211975
0.25160271525382993
0.20442623272538185
0.22672847881913186
0.190503491461277
0.2263846918940544
0.2291658915579319
0.18361828699707985
0.22049769759178162
0.212021367251873
0.22317872196435928
0.1823055125772953
0.1863980658352375
0.19592649713158608
0.1589739628136158
0.15399045199155809
0.1772797804325819
0.21022718250751496
0.20919440537691117
0.19789632633328438
0.15114097967743872
0.24224892780184745
0.1905197784304619
0.14295214489102365
0.16298141479492187
0.15105541422963142
0.17926837578415872
0.22818224132061005
0.1667128399014473
0.17267546951770782
0.19643319845199586
0.1722837582230568
0.17857199385762215
0.15168239921331406
0.14884688407182695
0.1580062847584486
0.1546582281589508
0.15453249961137772
0.19223799630999566
0.13864445127546787
0.16033758744597434
0.15532008334994316
0.1792536001652479
0.13134020194411278
0.22980927005410196
0.13930632621049882
0.16640474200248717
0.14825113713741303
0.22379228174686433
0.18592701330780984
0.1709253452718258
0.19363154396414756
0.19944922849535943
0.16523971781134605
0.170436829328537
0.13093635365366935
0.19555765464901925
0.14675223715603353
0.13882874250411986
0.14615658670663834
0.12964542172849178
0.17010949030518532
0.13320476561784744
0.1593151230365038
0.19804121404886246
0.14362140148878097
0.20010775998234748
0.15846676826477052
0.14697901718318462
0.17626641243696212
0.12184044420719146
0.14886582940816878
0.19101322516798974
0.18114078603684902
0.17872212678194047
0.1799953691661358
0.17792639434337615
0.19188999459147454
0.19349535182118416
0.14377836659550666
0.17852526232600213
0.1737385831773281
0.11160553358495236
0.16021754629909993
0.12906842716038228
0.18028435967862605
0.15111559256911278
0.15435555279254914
0.19267822653055192
0.15911912061274053
0.11934983506798744
0.13585493117570877
0.14653737060725688
0.13485172130167483
0.15865689739584923
0.14577270448207855
0.14837204553186895
0.1770699918270111
0.1238887619227171
0.18421994671225547
0.13476678989827634
0.1308182906359434
0.12593244053423405
0.12413707785308362
0.149810341745615
0.13293865993618964
0.1852520454674959
0.16160993985831737
0.19690079912543296
0.1538011312484741
0.08308650739490986
0.17169345840811728
0.16178169921040536
0.13200304955244063
0.16119958385825156
0.11409255880862475
0.11796978265047073
0.1445663332939148
0.11902125850319863
0.15267788767814636
0.12418929934501648
0.14624073207378388
0.1899283517152071
0.19296358674764633
0.1662016723304987
0.21848497912287712
0.1062864638864994
0.14942535422742367
0.1951775297522545
0.16838768683373928
0.14844340085983276
0.134718681871891
0.1467441376298666
0.1526301197707653
0.11263497956097127
0.1224019218236208
0.13510294165462255
0.15621147416532039
0.12089053094387055
0.14996431544423103
0.1563775844871998
0.17697490528225898
0.12683076187968254
0.13813407011330128
0.1565000180155039
0.13133727498352527
0.13782513365149499
0.15996925309300422
0.14429805651307107
0.14059811905026437
0.15088311210274696
0.16655218601226807
0.13634947314858437
0.14261187762022018
0.2014108333736658
0.1372301135212183
0.19777747243642807
0.16163541823625566
0.165174120105803
0.10037729069590569
0.20436886548995972
0.1800808399915695
0.12302388474345208
0.16768956258893014
0.1161829523742199
0.17796301357448102
0.1325695902109146
0.158876945823431
0.16042334362864494
0.1622716322541237
0.1416815396398306
0.15520712919533253
0.11613394804298878
0.13452246114611627
0.14802694097161292
0.1242486085742712
0.1619144819676876
0.1298885390162468
0.16613172218203545
0.14390253648161888
0.17563828974962234
0.12991793900728227
0.13775128163397313
0.18789949603378772
0.1665613532066345
0.15637783370912076
0.1638213250786066
0.1636923648416996
0.12756772339344025
0.12034969478845596
0.1741743229329586
0.2071026846766472
0.14151119962334632
0.1725673411041498
0.12000304907560348
0.14127024188637732
0.13033955432474614
0.17507486045360565
0.1937785618007183
0.12193412408232689
0.1290972962975502
0.1674961119890213
0.12189919073134661
0.17726750746369363
0.18185638561844825
0.11842539012432099
0.14814019203186035
0.1512778304517269
0.129385057836771
0.15414117351174356
0.12949024625122546
0.11831346079707146
0.11412118803709745
0.11826474852859974
0.12510227933526039
0.15908101424574853
0.11843604072928429
0.12125778235495091
0.1259402684867382
0.15119821056723595
0.13578021749854088
0.17309265099465848
0.16931254435330628
0.13688822649419308
0.11583007499575615
0.14939040131866932
0.13326429054141045
0.1717110749334097
0.11524789556860923
0.16842355597764253
0.13075583651661873
0.18621507063508033
0.09767165333032608
0.1221349649131298
0.11488993465900421
0.13138984888792038
0.19219663813710214
0.13685403317213057
0.15243001095950603
0.20248975977301598
0.16594641245901584
0.12868499010801315
0.1358530193567276
0.13692269194871187
0.1536434143781662
0.21912697404623033
0.11067363880574703
0.10566857196390629
0.1322280779480934
0.16934372745454312
0.12659928873181342
0.12408244833350182
0.14684481546282768
0.11162750162184239
0.12464579753577709
0.12969699874520302
0.1522858776152134
0.1430170275270939
0.1911038376390934
0.16137667894363403
0.15967563390731812
0.16417710185050965
0.1547035500407219
0.15223953127861023
0.11928725950419902
0.13568025697022676
0.16351024582982063
0.1573984444141388
0.14782339185476304
0.11429360657930374
0.1589999372139573
0.10470407195389271
0.12665169984102248
0.1330394499003887
0.1133870106190443
0.1143601156771183
0.1412791393697262
0.1526670314371586
0.15494274273514747
0.14745878726243972
0.19785756692290307
0.12746478244662285
0.14756700471043588
0.13595155514776708
0.1445741392672062
0.1574989054352045
0.155693219602108
0.12164466232061386
0.14881376922130585
0.15403451547026634
0.12536475025117397
0.11560259386897087
0.15600596331059932
0.1580388106405735
0.17846992760896682
0.1575830437242985
0.15913715362548828
0.12784977667033673
0.1588536273688078
0.12310177758336067
0.16908355727791785
0.18099700137972832
0.09795875363051891
0.1545757304877043
0.11433756388723851
0.10839707106351852
0.14198892340064048
0.14703029207885265
0.13118790611624717
0.12571566328406333
0.0970941934734583
0.15254910606890917
0.1502555176615715
0.13145174384117125
0.13615987449884415
0.12736147008836268
0.10969395488500595
0.12947842627763748
0.17273739129304885
0.1671233169734478
0.17764544039964675
0.19984726309776307
0.14556991569697858
0.1503038015216589
0.15963793471455573
0.17110744789242743
0.17639290243387223
0.17772531881928444
0.1613381512463093
0.17281648144125938
0.17605347670614718
0.10839421898126603
0.14355993457138538
0.14677785113453864
0.13993567489087583
0.17675704322755337
0.17433129735291003
0.1893466528505087
0.10097533985972404
0.1706027951091528
0.20013664662837982
0.12808263376355172
0.12918787430971862
0.15934496372938156
0.19760254323482512
0.1599986508488655
0.12229823991656304
0.14642100147902964
0.13846069909632205
0.1267713498324156
0.15609349310398102
0.15825510658323766
0.15098814740777017
0.1602349616587162
0.1608369482681155
0.17560525238513947
0.17074597030878066
0.15325189121067523
0.16571394316852092
0.1487949788570404
0.16809199154376983
0.13534817174077035
0.1034229889512062
0.16076635196805
0.13205384239554405
0.13653685674071311
0.11661311201751232
0.15763509906828405
0.16427031829953193
0.1480757102370262
0.13474554382264614
0.11531999744474888
0.12011168263852597
0.13440966382622718
0.12303359173238278
0.12814367264509202
0.1540302000939846
0.14001603946089744
0.1589117269963026
0.1769660860300064
0.13791221678256987
0.15373858772218227
0.12883104644715787
0.12358172051608562
0.1398544654250145
0.17810042649507524
0.15051617175340654
0.17444019988179207
0.12299645692110062
0.1405782639980316
0.13231767825782298
0.1773219883441925
0.12606965564191341
0.18291557878255843
0.16473098061978816
0.15259955450892448
0.143104487657547
0.1567828729748726
0.15634263232350348
0.1788744166493416
0.0971414465457201
0.14868532977998256
0.16575222983956336
0.12870526164770127
0.13142149597406388
0.10938392896205187
0.14380006715655327
0.14793622754514218
0.1244328398257494
0.1280347306281328
0.10077374167740345
0.1739971213042736
0.12512032687664032
0.15246309153735638
0.13500837478786706
0.15966028105467558
0.1705729193985462
0.1354737650603056
0.1513785969465971
0.10813544895499945
0.16340236738324165
0.20293551087379455
0.17114831767976285
0.14554963484406472
0.13391442075371743
0.17549405097961426
0.15356127992272378
0.13061728775501252
0.14755536541342734
0.12994395308196544
0.11416700035333634
0.15816605947911738
0.1772766590118408
0.11903248392045498
0.09809147156774997
0.15412006452679633
0.16348021402955054
0.14634257145226
0.16429984867572783
0.1548108771443367
0.16529411524534227
0.2057677537202835
0.16267257183790207
0.23134007900953293
0.10745596960186958
0.13216371312737465
0.1641707591712475
0.19011248424649238
0.16797397695481778
0.1706111028790474
0.14683892801404
0.13092376068234443
0.15359249897301197
0.11598402857780457
0.1190490923821926
0.14600856602191925
0.14289774745702744
0.1767595712095499
0.113699091039598
0.15578870624303817
0.13259231597185134
0.1572634644806385
0.157021926343441
0.1904330372810364
0.17581368014216422
0.13988070376217365
0.14420366995036601
0.10897215157747268
0.13341825008392333
0.19848896861076354
0.13587143495678902
0.15684999339282513
0.20011084601283075
0.14979072511196137
0.14624714180827142
0.18512655273079873
0.20376950949430467
0.14843691512942314
0.17183986343443394
0.14301327764987945
0.1277303196489811
0.13567494675517083
0.11984567418694496
0.18151166141033173
0.11814619526267052
0.1212570246309042
0.15257388353347778
0.14715059362351895
0.07970870286226273
0.11330418568104506
0.14783956669270992
0.15760122910141944
0.16132534183561803
0.10680966675281525
0.20295084342360498
0.1596195049583912
0.12606538459658623
0.1606554426252842
0.14417825900018216
0.11010788027197123
0.11049130596220494
0.11822834946215152
0.13270456120371818
0.14128386825323105
0.18624254167079926
0.1806593932211399
0.13554882258176804
0.15610078871250152
0.16299983039498328
0.11616538800299167
0.1854879528284073
0.14355095736682416
0.11772774104028941
0.13318515717983245
0.12588430680334567
0.1659547794610262
0.12590050101280212
0.1637080766260624
0.18626466169953346
0.1583900533616543
0.16398754343390465
0.13919563926756381
0.13857350051403045
0.1712068498134613
0.1566101171076298
0.1817397877573967
0.2042306438088417
0.1867813400924206
0.11449344754219055
0.14049188867211343
0.1405665770173073
0.1658774122595787
0.16078098267316818
0.15652840360999107
0.15003431104123593
0.1784592427313328
0.13596697207540273
0.14193472303450108
0.15742072239518165
0.14828906431794167
0.16233037486672403
0.15059847086668016
0.11145621798932552
0.12989497631788255
0.11871509067714214
0.11518766731023788
0.11078158058226109
0.14517579451203347
0.17256402224302292
0.14306323118507863
0.1294281616806984
0.1539732873439789
0.16348973345011472
0.20450997203588486
0.12458276338875293
0.13749902471899986
0.133334481716156
0.12920698747038842
0.15919531136751175
0.1020323719829321
0.124253124371171
0.1376359410583973
0.13536096476018428
0.18454860672354698
0.13014377057552337
0.15729192830622196
0.11272757351398469
0.15130421593785287
0.19968287087976933
0.1411111034452915
0.17080607824027538
0.13548666313290597
0.13898516222834587
0.11990257501602172
0.1167156681418419
0.16042208783328532
0.13725273460149764
0.1907453492283821
0.19015744626522063
0.15996270701289178
0.15777920447289945
0.14001130014657975
0.1587350618094206
0.13887583315372468
0.19347012974321842
0.15387493930757046
0.15477915480732918
0.13148087672889233
0.13386994563043117
0.14379712641239167
0.16024208068847656
0.14006193783134221
0.11820955127477646
0.14424013644456862
0.14351028501987456
0.1689161092042923
0.1535046935081482
0.24096112065017222
0.184017189219594
0.17615194693207742
0.1424338612705469
0.1823819436132908
0.12726509757339954
0.10096891336143017
0.1590244986116886
0.16168403290212155
0.18088486790657043
0.15902184173464776
0.15114083662629127
0.14618320912122726
0.11232059858739377
0.15295479260385036
0.14820871874690056
0.12237953655421734
0.18141489773988723
0.20180099792778491
0.16449895538389683
0.1090909905731678
0.12733046114444732
0.1248768076300621
0.19815666172653437
0.128485843911767
0.20119797810912132
0.1387139916419983
0.13171372842043638
0.13069814443588257
0.12632673531770705
0.1724188081920147
0.15796378515660764
0.1482763856649399
0.09475235994905233
0.12943815514445306
0.15841467678546906
0.20283686518669128
0.12902087830007075
0.16176286712288857
0.1578374072909355
0.12935883775353432
0.14220250397920609
0.11765862852334977
0.13254530318081378
0.18171939998865128
0.14108068570494653
0.14992152154445648
0.15408235490322114
0.17126744538545607
0.12533088997006417
0.15263828113675118
0.1906289529055357
0.13345373645424843
0.13460805751383303
0.15159218087792398
0.1393485888838768
0.1428535383194685
0.11285850964486599
0.15611066482961178
0.13686810098588467
0.09374848976731301
0.13824857883155345
0.11121008470654488
0.14730914011597634
0.20434496626257898
0.18066780418157577
0.15509434640407563
0.08949243687093258
0.1316949889063835
0.11916885375976563
0.11469318754971028
0.16526966877281665
0.1593054447323084
0.1457016274333
0.14220674522221088
0.13415526486933232
0.16180975884199142
0.1810381218791008
0.1279805764555931
0.12483638674020767
0.1714951887726784
0.13732218667864798
0.17141310647130012
0.1462800692766905
0.11606176905333995
0.13591416031122208
0.13863505125045777
0.17815424427390097
0.1273954961448908
0.1642730101943016
0.13986164405941964
0.14402875453233718
0.17982177957892417
0.15416151881217957
0.1440324068069458
0.10302418619394302
0.15916920080780983
0.1663437955081463
0.1485943004488945
0.15615859627723694
0.15074750483036042
0.1500592313706875
0.1479951675981283
0.1679329864680767
0.1473157312721014
0.16147514060139656
0.15694884061813355
0.13001474216580391
0.16774761117994785
0.15615127831697465
0.15846963226795197
0.14061190001666546
0.12282886020839215
0.14844193384051324
0.21479471176862716
0.15364730209112168
0.16021883226931094
0.14868978187441825
0.1553649388253689
0.19612504839897155
0.15485339239239693
0.17800554037094116
0.13387850895524026
0.10807803142815828
0.17123062163591385
0.20755454748868943
0.12919855900108815
0.1461903966963291
0.11840236112475395
0.17574634589254856
0.15255261361598968
0.1488986663520336
0.10093049444258213
0.1645860455930233
0.14511167332530023
0.11517612300813199
0.1603664182126522
0.18037794530391693
0.15752628296613694
0.13962704315781593
0.13893320336937903
0.15175237879157066
0.15120404362678527
0.1504533037543297
0.14909848086535932
0.12085751742124558
0.1101243332028389
0.14692958891391755
0.1569717988371849
0.12209074571728706
0.1133532002568245
0.1393482968211174
0.16375997364521028
0.19608426094055176
0.13003964349627495
0.15728813968598843
0.13289049714803697
0.12830556482076644
0.1600305587053299
0.18933964371681214
0.12481170035898685
0.16463455483317374
0.16274538598954677
0.12392191998660565
0.1333847401663661
0.14107939824461938
0.2076759360730648
0.1426769159734249
0.12444139271974564
0.12795354798436165
0.15820876471698284
0.14515757597982884
0.19424740076065064
0.1634497981518507
0.17129723280668258
0.13403073586523534
0.10592302717268468
0.13853828385472297
0.20423201024532317
0.1451530534774065
0.14871912822127342
0.17096806317567825
0.1430419683456421
0.1323572937399149
0.13406044393777847
0.14383273497223853
0.13993932493031025
0.20701999068260193
0.14885819405317308
0.15545825883746148
0.1671507924795151
0.1071212973445654
0.12903207167983055
0.1619522325694561
0.13731755800545214
0.14203437827527524
0.1494807418435812
0.09944264739751815
0.20029550716280936
0.1390978455543518
0.10765754729509354
0.16702010706067086
0.14506345875561238
0.13182473201304673
0.1529973641037941
0.09573881290853023
0.1118689689785242
0.17391040585935116
0.1359454557299614
0.12453621886670589
0.14773561023175716
0.17409399077296256
0.1718684747815132
0.12013010904192925
0.13099270537495614
0.1481797808781266
0.16563875898718833
0.1258786290884018
0.1553674079477787
0.15853828340768814
0.14428455308079718
0.11669055968523026
0.16993435472249985
0.1667022131383419
0.1690676800906658
0.17135329470038413
0.16041897125542165
0.14383462220430374
0.2122727006673813
0.13052996918559073
0.11540195792913437
0.164158308878541
0.1610385313630104
0.16323367953300477
0.17539232298731805
0.1498383991420269
0.16926553826779128
0.15403388179838656
0.17196008730679752
0.16742127165198326
0.19450100958347322
0.14695966690778733
0.1777554091066122
0.1688177205622196
0.11352047175168992
0.12873066514730452
0.16399980410933496
0.18657148778438568
0.13517193049192427
0.12561218813061714
0.1471074640750885
0.19439792409539222
0.13124129623174668
0.16353991404175758
0.16737556755542754
0.12513989880681037
0.12824523448944092
0.14874697662889957
0.20645773820579053
0.12524731494486332
0.11626615785062314
0.13905347958207132
0.11184180453419686
0.12582521438598632
0.2053649965673685
0.12631807699799538
0.16041146889328955
0.13241684660315514
0.2380403123795986
0.1466611161828041
0.12863922938704492
0.15949081256985664
0.1407384868711233
0.20102954730391503
0.17146736830472947
0.15753006599843503
0.14125876724720002
0.20268380641937256
0.13564464822411537
0.13334784880280495
0.13937427289783955
0.14406479839235545
0.14100236669182778
0.1263486698269844
0.1262102821841836
0.1074464626610279
0.12888791412115097
0.13380376249551773
0.1542583003640175
0.18937673084437848
0.16418627910315992
0.12399529032409191
0.16647981256246566
0.15584813728928565
0.1109545424580574
0.12407693266868591
0.20033678486943246
0.13611439019441604
0.1601278617978096
0.12880093641579152
0.11441600322723389
0.13069370053708554
0.15775989666581153
0.15921957977116108
0.139407055452466
0.13854398503899573
0.16126218475401402
0.177078527957201
0.14298202991485595
