0.708021941781044
0.7057390540838242
0.5871723383665085
0.45814538896083834
0.46894397735595705
0.4542326912283897
0.54505475461483
0.4304117113351822
0.44737516790628434
0.4393861383199692
0.39010814428329466
0.48902376294136046
0.37685164958238604
0.33756144940853117
0.4467339709401131
0.3934758335351944
0.40822852253913877
0.4678025901317596
0.3650872319936752
0.3521507352590561
0.32089194655418396
0.31936182379722594
0.3222318634390831
0.4165862172842026
0.28881641030311583
0.299042908847332
0.3166708216071129
0.38881660997867584
0.3795472592115402
0.27568854987621305
0.2708282932639122
0.3582953572273254
0.33617655336856844
0.2927264243364334
0.2437952622771263
0.21978135854005815
0.3274169281125069
0.30429437905550005
0.27180416584014894
0.324337837100029
0.28902326226234437
0.2728500470519066
0.2156846508383751
0.27747214287519456
0.3015122219920158
0.2787683308124542
0.2906648799777031
0.29220821261405944
0.3114707261323929
0.2295559599995613
0.2335246294736862
0.17081446349620819
0.23505231440067292
0.24404623508453369
0.21867412179708481
0.2943666554987431
0.19058207124471666
0.22760727554559707
0.17308127582073213
0.1870011143386364
0.16745372973382472
0.1903107449412346
0.17319639921188354
0.1779271900653839
0.17617219388484956
0.17481233775615693
0.2115212067961693
0.2018359124660492
0.20224439725279808
0.18730802834033966
0.16057380437850952
0.18919804468750953
0.17970708161592483
0.18256218060851098
0.23718760460615157
0.19717814922332763
0.2223575845360756
0.19906977340579032
0.23313064239919185
0.20319209471344948
0.22881592884659768
0.22212015688419343
0.17301357574760914
0.19913902655243873
0.21614364683628082
0.16986923813819885
0.16701754033565522
0.1587136197835207
0.14423849675804376
0.19493622258305549
0.1263062208890915
0.13412242643535138
0.17464096769690513
0.13973807394504548
0.12745020017027855
0.09115327950567007
0.12487224414944649
0.14731707833707333
0.10943055637180805
0.13704809471964835
0.12415518686175346
0.22808087095618249
0.1405645940452814
0.12181704454123973
0.1481427937746048
0.12970883212983608
0.1653318926692009
0.13575185984373092
0.10451614037156105
0.15544228926301001
0.21810631342232228
0.17638722024857997
0.12577524669468404
0.12765639163553716
0.1293116081506014
0.15707237720489503
0.1036287747323513
0.11967584788799286
0.12542166337370872
0.15552276149392127
0.13134220577776431
0.10575184337794781
0.16748839020729064
0.12036883123219014
0.13411473780870437
0.11842317059636116
0.15538478270173073
0.10951297804713249
0.11699507124722004
0.1333837140351534
0.16235101148486136
0.10732523854821921
0.11328707747161389
0.09556023571640253
0.11422893963754177
0.19882071018218994
0.1243415404111147
0.17603165432810783
0.12671658247709275
0.15684195682406427
0.1610211744904518
0.1318631187081337
0.12857084795832635
0.09701795727014542
0.11785199381411075
0.15457765124738215
0.09833399653434753
0.13767562471330166
0.08898593205958605
0.10629165172576904
0.10411488115787507
0.1602488111704588
0.09876465871930122
0.121109464392066
0.1366365436464548
0.091297503747046
0.1412482913583517
0.11636601537466049
0.11717422269284725
0.10213799960911274
0.14018308669328688
0.15226176455616952
0.1445440746843815
0.11231310777366162
0.1035145178437233
0.12744940482079983
0.12294462360441685
0.14619365725666283
0.08570113815367222
0.14437990933656691
0.15368417426943778
0.15093537773936988
0.15816540271043777
0.1722185242921114
0.1055249011144042
0.15250724796205758
0.11801942959427833
0.13255307525396348
0.12504408396780492
0.15894046053290367
0.1380528010427952
0.0785771744325757
0.12325811274349689
0.14437703043222427
0.133018958568573
0.09118399620056153
0.11576937884092331
0.10446611158549786
0.1261842705309391
0.10589287169277668
0.10173475928604603
0.12446368224918843
0.09594265334308147
0.1337246835231781
0.11347454972565174
0.1527901018038392
0.1359759759157896
0.07764285877346992
0.07789216861128807
0.10496471337974071
0.1281955350190401
0.12545153088867664
0.1574690341949463
0.15411047749221324
0.1116097966209054
0.1422708284109831
0.1443730542436242
0.08684887439012527
0.12715739011764526
0.09201619066298009
0.12344340048730373
0.09655868355184793
0.0807953204959631
0.13460990134626627
0.12215985395014287
0.12755173742771148
0.11838924810290337
0.09426199533045292
0.12083587497472763
0.11152702458202839
0.1489412708207965
0.09489907063543797
0.1451469086110592
0.1395180407911539
0.14331661425530912
0.08046229816973209
0.08386439122259617
0.14210703186690807
0.0868936114013195
0.10717863775789738
0.14178928434848787
0.07690257411450148
0.10713478587567807
0.13782699666917325
0.09128886014223099
0.09999725110828876
0.12933579310774804
0.14134573824703695
0.09467888418585062
0.11692475378513337
0.10445386692881584
0.11698444969952107
0.15418773256242274
0.09486183114349842
0.12270464599132538
0.09747600965201855
0.10066035948693752
0.07556338831782342
0.10241252947598696
0.11210765652358531
0.1644289791584015
0.10303035508841277
0.11273442059755326
0.16526148989796638
0.12798370383679866
0.0905833177268505
0.12469703666865825
0.12698199674487115
0.16255937777459623
0.10122512467205524
0.13598430082201957
0.11901768185198307
0.10180027112364769
0.13451128639280796
0.15628795996308326
0.1657803624868393
0.10210228748619557
0.1277128204703331
0.1497728545218706
0.1131303332746029
0.0987869905307889
0.09655703511089087
0.06699823252856732
0.08590658977627755
0.1270593298599124
0.10256322734057903
0.09412128943949938
0.0850719477981329
0.09578643329441547
0.11446815766394139
0.1194564450532198
0.10215291120111943
0.07563060596585273
0.08676954545080662
0.1408085621893406
0.08942359201610088
0.11403051167726516
0.0986306019127369
0.13720218203961848
0.11587599739432335
0.10653340183198452
0.11871502995491028
0.15538298487663268
0.08516257312148809
0.09032802768051625
0.13028570152819158
0.11654167659580708
0.08844777382910252
0.1667436368763447
0.14441826269030572
0.16964381635189058
0.13325031660497189
0.13147897012531756
0.1304523877799511
0.11332606300711631
0.06986774764955044
0.10765128433704377
0.11063284426927567
0.10045507214963437
0.056255835294723514
0.1332747220993042
0.1458252426236868
0.10120828058570623
0.10342185311019421
0.12994489036500453
0.08885811269283295
0.10342419873923063
0.1020755760371685
0.09764725044369697
0.14158026315271854
0.10089445114135742
0.13662288878113032
0.12607637085020543
0.12936158515512944
0.1281237632036209
0.12393928617238999
0.14031842090189456
0.13177529461681842
0.08203534968197346
0.11781829707324505
0.15008867662400008
0.06994949914515018
0.11698399670422077
0.1499316219240427
0.16508773900568485
0.1609836842864752
0.12625230103731155
0.179964143037796
0.11333014890551567
0.14249682761728763
0.0835963822901249
0.12662590853869915
0.11699951551854611
0.10849097445607185
0.09815845750272274
0.09036751985549926
0.09799121767282486
0.0799101773649454
0.09244621712714433
0.07847429551184178
0.14234680831432342
0.10948475077748299
0.10201648380607367
0.08970157001167536
0.08991937376558781
0.1296912722289562
0.12082574516534805
0.10701829865574837
0.11880527436733246
0.13066854178905488
0.12167698219418525
0.08940829150378704
0.1331287607550621
0.10449130609631538
0.15517276227474214
0.08931499235332012
0.12324567995965481
0.15008197575807572
0.09688187539577484
0.10464172065258026
0.15123930796980858
0.1135602243244648
0.09212561473250389
0.10509248562157154
0.11754496209323406
0.1333605669438839
0.10766757875680924
0.16719425916671754
0.09599483609199524
0.09846886247396469
0.14474167563021184
0.08619972951710224
0.12677149958908557
0.11196662168949842
0.08303263671696186
0.1454669065773487
0.09270690605044365
0.1217645775526762
0.122575518861413
0.08324194997549057
0.11946630887687207
0.10327402465045452
0.11133992560207844
0.1476814828813076
0.13288199454545974
0.11192637085914611
0.13157603479921817
0.14714476149529218
0.09232121966779232
0.12738770358264445
