0.6688903027772903
0.639236541390419
0.6426035755872727
0.6176621586084365
0.6174574273824692
0.6139454734325409
0.5964641100168229
0.6043561375141144
0.597918014228344
0.5911694177985192
0.5911081466078758
0.5893414065241813
0.5702490815520287
0.5752194082736969
0.5771925058960915
0.5855632662773133
0.5647592383623123
0.5679269751906395
0.5685397267341614
0.5698905843496322
0.5570262977480889
0.5619513055682183
0.5502155557274818
0.5707425680756569
0.5692669847607612
0.5543842405080796
0.5625485128164291
0.5394094264507294
0.5360862174630165
0.5525139820575714
0.5531205463409424
0.5434498375654221
0.5518817150592804
0.5388399296998978
0.5372890833020211
0.5312766909599305
0.535139390528202
0.5312658244371414
0.5342067822813987
0.5296543249487877
0.5243583765625953
0.5273995178937912
0.5218628984689713
0.5173261794447899
0.5231101375818252
0.5099881425499916
0.5177948039770126
0.5058730107545852
0.5064736762642861
0.5112224301695824
0.5097373700141907
0.50319491147995
0.5051286226511001
0.5008280217647553
0.5065878972411155
0.4976023408770561
0.49103522330522537
0.49606382846832275
0.49092455953359604
0.4850549703836441
0.5168337541818618
0.48327894389629367
0.47432260304689405
0.46792806446552276
0.481476377248764
0.45927523642778395
0.4775017923116684
0.4821587687730789
0.46443646848201753
0.4584066760540009
0.4635088163614273
0.4610165011882782
0.4527366128563881
0.4639372158050537
0.4621095570921898
0.4573918032646179
0.4527094668149948
0.45194542229175566
0.44564040899276736
0.44264731913805005
0.4389742523431778
0.4409449276328087
0.4289695009589195
0.42437966495752333
0.4141966572403908
0.4208480966091156
0.4199985687434673
0.40675422847270964
0.4185157576203346
0.43134492486715315
0.41891197234392163
0.4089273977279663
0.4099158254265785
0.3981134667992592
0.3852331346273422
0.3796388687193394
0.42075750827789304
0.4110844358801842
0.4008511810004711
0.39379148453474044
0.390440134704113
0.40187041610479357
0.3951030211150646
0.3940559190511703
0.3996001008152962
0.4141428261995316
0.40478447020053865
0.41015957087278365
0.3960670676827431
0.38509565472602847
0.3763879281282425
0.3779967829585075
0.3975379024446011
0.3747445760667324
0.38382395505905154
0.3767495718598366
0.3592946070432663
0.3654384310543537
0.3674537372589111
0.3798639787733555
0.35224200412631035
0.3615075036883354
0.3691505390405655
0.3458942590653896
0.3612159062922001
0.35120641976594924
0.34650001153349874
0.35421467810869217
0.3428433394432068
0.3677374732494354
0.3608847232162952
0.3609052033722401
0.3415756005048752
0.34582681208848953
0.343644504994154
0.3495043610036373
0.3404668717086315
0.3486831659078598
0.33556958809494974
0.3268121913075447
0.32527423948049544
0.3265521194040775
0.3300850559771061
0.3251055839657784
0.33174169674515724
0.33958563655614854
0.3209508553147316
0.318381280452013
0.3189055550098419
0.3299953888356686
0.3114528462290764
0.31177314653992655
0.3128928034007549
0.3102002565562725
0.30621117740869525
0.2854075318574905
0.3270563143491745
0.3014134016633034
0.2843471622467041
0.29020755052566527
0.31567861437797545
0.3099815636128187
0.2806093341112137
0.305375819504261
0.2823541054129601
0.3022184519469738
0.2943284523487091
0.2916979433596134
0.2938603623211384
0.3035764874517918
0.28913109496235845
0.2918414163589478
0.2945191952586174
0.2931163594126701
0.2898951092362404
0.2849023228138685
0.2759540845453739
0.27888491332530974
0.2888167941570282
0.2960937143862247
0.2888724619150162
0.2784509079158306
0.2876602338254452
0.30338160395622255
0.2855216282606125
0.27526824951171874
0.2629297150671482
0.27583370804786683
0.2764571525156498
0.2752377209067345
0.26382522627711297
0.27391763307154177
0.2721284735202789
0.26939527966082094
0.2732484272122383
0.27511658720672133
0.25810115031898023
0.27367549754679205
0.2666501910239458
0.265204413831234
0.2774603781849146
0.2405964721739292
0.2692686130851507
0.251811079531908
0.27408591471612453
0.25942979484796524
0.26917698219418523
0.24438965380191802
0.28690352141857145
0.27537702858448027
0.24601725801825525
0.2671290473639965
0.2620323768258095
0.25944461099803445
0.2529387774318457
0.2574942880123854
0.2485876551270485
0.23493265181779863
0.24782071858644486
0.25193759217858314
0.2442777616530657
0.2573384291678667
0.252021399140358
0.24907532408833505
0.2555109649896622
0.2458640756458044
0.26464971117675307
0.2548554966598749
0.24178031578660011
0.241117185652256
0.23261242657899855
0.23986349292099476
0.27315877288579943
0.27375164955854414
0.24172157369554043
0.2642704075574875
0.23387998446822167
0.2772273541241884
0.2470980190485716
0.23147099457681178
0.24992808721959592
0.2457500261068344
0.2557180139422417
0.23813074499368667
0.2523267815262079
0.25682476624846456
0.24664643578231335
0.26341452755033967
0.23096991248428822
0.23935759469866752
0.22936697877943515
0.24761130586266517
0.24163219697773455
0.2500312430411577
0.2388100691139698
0.239476338326931
0.24977185033261776
0.2352747204899788
0.23559717260301113
0.21928998559713364
0.22010922007262707
0.24485445477068424
0.22978807792067527
0.2221434849500656
0.22449627682566642
0.23622615896165372
0.23592624723911285
0.21558484554290772
0.2160939421504736
0.22287045896053315
0.22650777876377107
0.2292956567555666
0.2555588689446449
0.23638702146708965
0.22875445000827313
0.22541292279958725
0.23656750179827213
0.2148326776176691
0.22732380360364915
0.22990220166742803
0.24199542500078677
0.21038031727075576
0.21798894591629506
0.22148239858448504
0.2054203425347805
0.21007170610129833
0.221131427064538
0.21696001634001733
0.22104130618274212
0.22854367427527905
0.21854693129658698
0.2388143591582775
0.22489326924085618
0.22604009583592416
0.22037829861044883
0.2133309005200863
0.20645180769264698
0.23398525722324848
0.20884674303233625
0.2182050958275795
0.21654328517615795
0.2092434172704816
0.2368338754028082
0.21534497000277042
0.2320845090597868
0.2551382236927748
0.26025157764554024
0.234584386870265
0.24347360573709012
0.22514287702739239
0.23711726918816567
0.2042763939499855
0.2205624382197857
0.20532704681158065
0.21718866862356662
0.21118670001626014
0.21844942569732667
0.21392149176448583
0.20126514360308648
0.20680811151862144
0.21403315931558609
0.20919641196727753
0.1954874288290739
0.22751572467386721
0.22410738609731198
0.20673409514129162
0.20227156952023506
0.22503199569880963
0.2228413528203964
0.20540994495153428
0.21460059002041817
0.19686613153666258
0.2260856805741787
0.20224144153296947
0.20835482016205786
0.2180141106247902
0.20007613316178322
0.2034019535034895
0.22747668698430062
0.21310892678797244
0.2181081487238407
0.21030461795628072
0.22666149824857712
0.21133792094886303
0.22513810820877553
0.19721526719629764
0.19925461612641812
0.20186534345149995
0.20249156132340432
0.2012311740219593
0.21570625476539135
0.19748184777796268
0.21198201641440392
0.20518443696200847
0.20576487109065056
0.20654628098011016
0.21502522580325603
0.24301950588822366
0.24345023617148398
0.23575273267924785
0.23614255517721175
0.2323945926129818
0.2162576290220022
0.23642189875245095
0.23291642472147941
0.21794530794024466
0.22978376224637032
0.20902127616107463
0.2240218372270465
0.2421813578158617
0.20379986479878426
0.2159357186034322
0.22222939401865005
0.21734602577984333
0.2028739493340254
0.2458369767665863
0.2431910339742899
0.21431768253445627
0.22361956164240837
0.21356251873075963
0.20207006715238093
0.21893175199627876
0.22348213352262974
0.20084358729422092
0.2442642927914858
0.20955420047044754
0.235733060836792
0.20299665585160256
0.2186734253168106
0.21211995780467988
0.2583031779527664
0.19988538950681686
0.21609723649919033
0.22720764607191085
0.19289906486868857
0.21829889841377736
0.20259080171585084
0.22980361185967924
0.20524433471262454
0.2000528721511364
0.1908718030899763
0.21456886291503907
0.2103948912769556
0.19777599170804025
0.20325021453201772
0.19866991087794303
0.20823033824563025
0.20869760300964116
0.2037532975524664
0.2055292772501707
0.2160768575966358
0.21155348241329194
0.19406689807772637
0.22492966473102569
0.227925466299057
0.2188609988242388
0.2291647806018591
0.20512571454048156
0.2095709490776062
0.19887381553649902
0.20295233998447657
0.19884217269718646
0.19819808796048163
0.1933706521242857
0.18563646364957095
0.1999099864065647
0.185712252818048
0.19351187475025655
0.1985234609246254
0.21218430906534194
0.19570494774729014
0.20837554425001145
0.20800883270800113
0.23275710694491863
0.25655757896602155
0.19330685585737228
0.20952615305781364
0.23071985453367233
0.22715038031339646
0.1868733860552311
0.20675472483038904
0.19166200511157513
0.23999413199722766
0.21760644651949407
0.20326740689575673
0.21905268259346486
0.1874030341953039
0.19627319179475308
0.20641733527183534
0.2100397254154086
0.21727596536278726
0.20528925277292728
0.20296712882816792
0.2248569905757904
0.19049148820340633
0.18875782307237388
0.21076500207185744
0.1842724507674575
0.1948251198232174
0.21042064040899278
0.20305355183780194
0.18829240128397942
0.18949309669435024
0.23472771532833575
0.19916418835520744
0.20268306478857995
0.1911105851083994
0.19116116553544998
0.1950472252443433
0.2156541870906949
0.24586242206394673
0.22399113319814204
0.21080635599792003
0.20323178231716155
0.23910396061837674
0.2271157366782427
0.21443857602775096
0.21937360510230064
0.20134575061500073
0.207656616717577
0.21853825099766255
0.22103856295347213
0.21558287486433983
0.20079669944941997
0.21893425926566124
0.1851232299208641
0.18201030798256398
0.20698691993951798
0.2376492527872324
0.22337679274380207
0.23768817964941263
0.20775627844035627
0.20993223771452904
0.2184077800065279
0.22844433702528477
0.2523730733245611
0.21947333820164203
0.20306162133812905
0.1967578210681677
0.19016276873648166
