0.9114200711250305
0.8886238753795623
0.9336591839790345
0.818444162607193
0.5891872227191925
0.6412183672189713
0.5853671789169311
0.5250406086444854
0.5242118090391159
0.5091561108827591
0.5440224051475525
0.48951300978660583
0.43645231127738954
0.4105477035045624
0.44637974351644516
0.42796511054039
0.441492435336113
0.3775146260857582
0.4588000297546387
0.3531228259205818
0.4178676247596741
0.41065824329853057
0.3193048059940338
0.3582582831382751
0.39515860974788664
0.4550933063030243
0.3610301911830902
0.30023696422576907
0.4476648926734924
0.3548671677708626
0.39921042174100874
0.34487917125225065
0.319029700756073
0.29314821064472196
0.42583282887935636
0.2972871452569962
0.2968720972537994
0.37723721414804456
0.35288256108760835
0.3139892518520355
0.3527444988489151
0.3131271556019783
0.4038476288318634
0.26203051060438154
0.36431324630975725
0.3071123272180557
0.36280687898397446
0.29279681891202924
0.2766439333558083
0.3325295388698578
0.28475321233272555
0.2949235185980797
0.2947817169129848
0.24455675333738328
0.23223972767591478
0.2876721054315567
0.24471371620893478
0.22081121951341628
0.24680691659450532
0.28605887442827227
0.2723774015903473
0.2291899859905243
0.24063305258750917
0.25756247863173487
0.30361170172691343
0.23572253286838532
0.2369494304060936
0.2490683153271675
0.2513713903725147
0.21660313829779626
0.23887269720435142
0.21618207842111586
0.24015272706747054
0.2867964684963226
0.27530599683523177
0.237644924223423
0.20800776779651642
0.2231443405151367
0.2918865978717804
0.2652166590094566
0.2262870341539383
0.21475669592618943
0.26273182556033137
0.2836457550525665
0.2873205728828907
0.1940133534371853
0.23669534288346766
0.1885470889508724
0.21588534712791443
0.24415905699133872
0.2608203887939453
0.2284245014190674
0.17538586854934693
0.216721872985363
0.214989173412323
0.15204759165644646
0.22954166829586028
0.18807650357484818
0.2026526741683483
0.28020651936531066
0.2732392199337482
0.19444953054189681
0.2648943647742271
0.191232817620039
0.16631926149129866
0.21758508384227754
0.16302461847662925
0.1917865566909313
0.18282824829220773
0.1800453282892704
0.2396024890244007
0.1955108404159546
0.16950892731547357
0.24317846745252608
0.15508511662483215
0.15851651579141618
0.14824049323797225
0.2144617885351181
0.15403382554650308
0.12346595674753189
0.13988016322255134
0.15658526718616486
0.13751924261450768
0.1602678582072258
0.17706233598291873
0.1370074473321438
0.1238366112112999
0.15714464895427227
0.20415499359369277
0.1473902218043804
0.1632213696837425
0.18550275787711143
0.2207864247262478
0.13670824840664864
0.12528418526053428
0.1562372252345085
0.1654576923698187
0.18987508863210678
0.1260087199509144
0.16034914329648017
0.11992609202861786
0.24549434334039688
0.16135263442993164
0.12499925121665001
0.18063746578991413
0.165155515819788
0.15917413160204888
0.16059486344456672
0.15916067212820054
0.16803009882569314
0.19966461956501008
0.13428125977516175
0.1186670869588852
0.13746471367776394
0.11134161427617073
0.11968685388565063
0.10443863607943057
0.13844614140689374
0.11271837204694748
0.11372746154665947
0.11006299518048764
0.14536628425121306
0.13820037469267846
0.11670422926545143
0.11188361719250679
0.13508613556623458
0.13195671923458577
0.12509752213954925
0.16932774633169173
0.10703569874167443
0.16336282901465893
0.1067884773015976
0.14144735783338547
0.15737458169460297
0.18783250749111174
0.11931273750960827
0.11072949767112732
0.15563739389181136
0.13160861134529114
0.14305627346038818
0.12445460669696332
0.09763719402253627
0.10428661219775677
0.11245360001921653
0.12652633860707282
0.12455484513193368
0.1321858325973153
0.09694115184247494
0.1459642682224512
0.12659766133874656
0.08535538092255593
0.11037101987749338
0.09390655346214771
0.1061256842687726
0.16044628508388997
0.08881229385733605
0.13110608905553817
0.12151153907179832
0.12920856140553952
0.0866558812558651
0.1532138828188181
0.11714382879436017
0.08260483369231224
0.09489246048033237
0.09451379962265491
0.16275695618242025
0.08283200711011887
0.11667919270694256
0.10670393966138363
0.17592450696974993
0.08824691027402878
0.11069588474929333
0.15483839102089406
0.13927839007228612
0.10107834748923779
0.11748377624899149
0.07773972526192666
0.14050611592829226
0.1212894655764103
0.0936267651617527
0.1256165098398924
0.12413891907781363
0.06888472437858581
0.1383484795689583
0.10464416034519672
0.10843367408961058
0.09974339529871941
0.09619676787406206
0.0643673125654459
0.07930455468595028
0.11901301592588424
0.11095255389809608
0.05996406748890877
0.0830821491777897
0.07815076913684607
0.11964009329676628
0.10795025154948235
0.0674716604873538
0.13927220534533263
0.1740916335955262
0.05641832612454891
0.08069116435945034
0.12395757548511029
0.10596186909824609
0.1548661980777979
0.07905155252665282
0.0714526953175664
0.06010317467153072
0.13343887366354465
0.08989142794162035
0.12476293556392193
0.10113447159528732
0.13115125875920058
0.09206815101206303
0.1338587984442711
0.10373211987316608
0.10255910493433476
0.07687261700630188
0.1110036712139845
0.08991345837712288
0.07622447106987237
0.059741351008415225
0.1310668358579278
0.08397960811853408
0.10475639179348946
0.10133737027645111
0.11032217405736447
0.08339331448078155
0.058843727596104144
0.1158942811191082
0.10976768173277378
0.10801460891962052
0.12041032798588276
0.12121340781450271
0.07873724158853293
0.08345087729394436
0.0632660124450922
0.0889544740319252
0.059061539731919764
0.06263854261487722
0.09890412054955959
0.05485825911164284
0.05832111835479736
0.0718445086851716
0.07081020977348089
0.125757328979671
0.13620973452925683
0.07112433109432459
0.1125062309205532
0.059467978589236734
0.07082887254655361
0.07753678541630507
0.09572682548314333
0.07981713209301233
0.13821626976132392
0.08942870236933231
0.07381912935525178
0.06009310185909271
0.08361543044447899
0.11711448580026626
0.1231581773608923
0.0670742841437459
0.05934891998767853
0.06931246165186167
0.08186804056167603
0.09211312048137188
0.0503174751996994
0.12377497740089893
0.07648879401385784
0.06070593688637018
0.06886359713971615
0.09971034619957209
0.09258692152798176
0.07467594109475613
0.08569759596139193
0.06676932480186223
0.1173786461353302
0.10007012560963631
0.07596852965652942
0.04611327145248652
0.09258823040872813
0.09562272597104311
0.06634464729577302
0.10381764695048332
0.07831278443336487
0.08988705445080995
0.06738196909427643
0.06931614056229592
0.07066530399024487
0.09381789285689593
0.12025658376514911
0.08047384768724442
0.14370082020759584
0.09156281352043152
0.07080053146928549
0.03484776560217142
0.09321552105247974
0.10292385760694742
0.08344472032040358
0.05968207884579897
0.07808536887168885
0.09188412260264159
0.09790608026087284
0.11570432148873806
0.050375699810683724
0.08125739451497793
0.0607007909566164
0.05961043406277895
0.11463310196995735
0.06040791980922222
0.06828795317560435
0.10516859926283359
0.1384621597826481
0.06032119430601597
0.10525303315371275
0.06097778640687466
0.0640719523653388
0.055387772433459756
0.10621415432542562
0.11859871707856655
0.08074753507971763
0.044203102588653564
0.07066074330359698
0.06800336297601461
0.06629131436347961
0.0654467586427927
0.054723878763616084
0.09123098850250244
0.06497809644788503
0.04790567774325609
0.09857206866145134
0.094947730563581
0.0626413308084011
0.08365321923047304
0.06723271943628788
0.044581669755280016
0.07258558198809624
0.0685868863016367
0.07536698896437884
0.08061408307403325
0.047950937785208224
0.08113357983529568
0.10788946263492108
0.06370450258255005
0.06875777244567871
0.14115645419806241
0.08027841486036777
0.06917296759784222
0.08275253921747208
0.07383107617497445
0.11203313283622265
0.05729083921760321
0.06957026459276676
0.07327455375343561
0.0916626002639532
0.09568164870142937
0.10888540260493755
0.05986096877604723
0.051808998733758924
0.11691881380975247
0.07811599038541317
0.09086045362055302
0.08231236338615418
0.10853255912661552
0.07546973899006844
0.07994201015681028
0.05773580018430948
0.08738723546266555
0.06536685880273581
0.13662006631493567
0.059243263117969035
0.08056950252503156
0.0974941685795784
0.059995006397366525
0.0991296174004674
0.0625619787722826
0.08492026310414076
0.10566733870655298
0.048642324097454545
0.07034933175891638
0.05571163184940815
0.07218576520681382
0.07963702995330095
0.08412785064429044
0.1056077217683196
0.12390539459884167
0.07211420051753521
0.054355053789913656
0.07385652158409357
0.07928113806992769
0.06928441263735294
0.09901269841939211
0.13144915737211704
0.0719865370541811
0.06756312679499388
0.049935264885425566
0.08866748008877039
0.08085666783154011
0.08181035164743662
0.07534081358462572
0.0868909802287817
0.06424202229827643
0.12735543735325336
0.07177347056567669
0.09622980169951915
0.10879758559167385
0.06228413693606853
0.0771840127184987
0.10536184683442115
0.03366565853357315
0.0822883814573288
0.059457544796168806
0.06595525816082955
0.07633102610707283
0.13848909866064787
0.07758599370718003
0.08456366136670113
0.07154647372663021
0.07903160639107228
0.04988176319748163
0.05782413575798273
0.0637620447203517
0.058752994798123834
0.06830572038888931
0.059856368042528627
0.09530967716127633
0.06068273410201073
0.09206927511841059
0.07068757582455873
0.0571514192968607
0.06463922746479511
0.08917252421379089
0.11898471917957068
0.06750093027949333
0.08937673922628164
0.05690721962600946
0.0439351350069046
0.08446280788630248
0.04645699001848698
0.08022413719445468
0.060284068994224074
0.07252139095216989
0.022834920696914195
0.07711918223649264
0.07381057105958462
0.08502468727529049
0.0931039322167635
0.03156038373708725
0.05553770754486322
0.059907907247543336
0.05839874595403671
0.11784009095281363
0.08771484382450581
0.05553937535732985
0.07982296440750361
0.058861293643712995
0.0727493928745389
0.06502537224441766
0.08744668532162905
0.08843206632882357
0.0840881697833538
0.07849835734814406
0.07844375465065241
0.07683612983673811
0.10557065159082413
0.06424427144229412
0.05255555920302868
0.06429362613707781
0.08844290915876626
0.08688153140246868
0.06687254700809717
0.05396588873118162
0.07062502428889275
0.06473227571696043
0.05843231696635485
0.08751398231834173
0.09006984010338784
0.06797983888536692
0.06325638368725776
0.054968992434442046
0.06977802645415068
0.0779780138283968
0.08665532581508159
0.061237828619778154
0.08906951397657395
0.11242953017354011
0.04933710489422083
0.11512766815721989
0.10064814276993275
0.0538451936095953
0.06600560434162617
0.08424477130174637
0.0589651184156537
0.096074653044343
0.06709927469491958
0.04191882759332657
0.0913669103756547
0.09718525856733322
0.06825600303709507
0.07565340753644705
0.06335693933069705
0.09847965184599161
0.06790080312639475
0.08265245873481035
0.1156171590089798
0.06534691490232944
0.06753228548914195
0.0677433304488659
0.08851726017892361
0.05054526254534721
0.08333785496652127
0.05327139049768448
0.10200347751379013
0.1031877912580967
0.05941632892936468
0.09076109882444143
0.05671788342297077
0.09781032912433148
0.07156638614833355
0.09512116238474846
0.09332778919488191
0.07853505238890648
0.06274260710924864
0.08873661495745182
0.0962094845250249
0.09022465962916612
0.055076242052018644
0.05897167548537254
0.07500417977571487
0.05822668131440878
0.10691455379128456
0.053408806957304475
0.06248379200696945
0.10294990129768848
0.08200346268713474
0.07482859138399363
0.07933994531631469
0.07704139687120914
0.09907744750380516
0.06251564063131809
0.05230676382780075
0.08123686239123344
0.0589136628434062
0.07712898477911949
0.06666679587215185
0.0744128968566656
0.0633473601192236
0.09659649096429349
0.06716098617762327
0.056706978008151054
0.08376021664589643
0.08608499132096767
0.09436078891158103
0.09150044061243534
0.058108162321150306
0.05074303690344095
0.11460161060094834
0.04982274770736694
0.07978769205510616
0.073588359169662
0.10446527488529682
0.07675869297236204
0.13254642505198716
0.06364643648266792
0.03291742503643036
0.09495031889528036
0.06002050694078207
0.06188548821955919
0.06745707523077726
0.07056723516434431
0.05014819297939539
0.06570638753473759
0.09954226389527321
0.055470503866672516
0.041227737441658974
0.08037908151745796
0.07538726851344109
0.05674185305833816
0.08430477604269981
0.07074195872992277
0.052482427097857
0.08999747112393379
0.09464007914066315
0.13873925507068635
0.08571747466921806
0.0860068690031767
0.07008995115756989
0.08081146590411663
0.08780208993703127
0.10163727942854166
0.10443101171404123
0.11376917455345392
0.09363422226160764
0.0937889251857996
0.10491180531680584
0.08516260348260403
0.06116231046617031
0.06904639136046171
0.09707813076674938
0.10801254101097583
0.05600168127566576
0.08409671820700168
0.07353481017053128
0.08765057940036058
0.07519559543579817
0.09232395123690366
0.06337325405329466
0.07380395159125328
0.10289799124002456
0.09018827248364687
0.06940588597208261
0.0669471625238657
0.06678860802203417
0.07894800081849099
0.06344766430556774
0.07196879815310239
0.07279918678104877
0.04723158590495587
0.036123573780059814
0.06929324101656675
0.05074882432818413
0.06061881557106972
0.07183264922350645
0.10986693389713764
0.1126940343528986
0.06883817799389362
0.057829721830785275
0.04966338407248259
0.11292955055832862
0.06876643151044845
0.10535235069692135
0.08964812196791172
0.07084912359714508
0.0779796065762639
0.06493828240782022
0.0625614320859313
0.06739083416759968
0.08583343680948019
0.04102856125682593
0.07106827553361654
0.07433930896222592
0.06079623717814684
0.07025879099965096
0.10739957615733146
0.05676679499447346
0.07386584039777518
0.06919304952025414
0.06085694208741188
0.05403356570750475
0.08120071552693844
0.06527300775051117
0.07286076955497264
0.07492089569568634
0.06300872955471278
0.09549183156341315
0.06485398150980473
0.09517824538052082
0.10688862167298793
0.05013088714331389
0.10615496262907982
0.057378907687962055
0.04597951918840408
0.08398234024643898
0.07173976581543684
0.08098965249955654
0.10404372550547122
0.06006542220711708
0.1006013497710228
0.04481392875313759
0.044509509578347206
0.05832981336861849
0.08623521514236927
0.039691506139934066
0.08086504712700844
0.10444647446274757
0.10378624722361565
0.08903961069881916
0.07496038004755974
0.0688774088397622
0.10001032780855894
0.06360761299729348
0.11187974624335766
0.04938525948673487
0.06817144807428122
0.06276423987001181
0.087822943367064
0.09195925444364547
0.06097392067313194
0.07814058884978295
0.050389358401298524
0.08645330835133791
0.08530346713960171
0.09755007587373257
0.06260530389845372
0.08931327667087316
0.06108730398118496
0.07125567570328713
0.07642335053533315
0.06668537929654121
0.06907864268869161
0.08223176151514053
0.05219856314361095
0.06570453885942698
0.08421189710497856
0.09262340851128101
0.07839089389890433
0.08296532426029443
0.07510387767106294
0.06126345284283161
0.06080416366457939
0.0606747105717659
0.06406733803451062
0.05839529782533646
0.07609120793640614
0.06538510508835316
0.05146221946924925
0.08683273047208787
0.048154250346124174
0.10350358001887798
0.09945454392582179
0.042480196431279184
0.06725162006914616
0.06332974024116993
0.06857138033956289
0.08760066218674183
0.0563213512301445
0.06802707482129336
0.09020481538027525
0.047985608130693434
0.07874442804604768
0.06538323853164911
0.0536015035584569
0.11892731878906489
0.09605018049478531
0.04522871747612953
0.08703085090965032
0.10903755985200406
0.0732496215030551
0.07842742670327425
0.09790789633989334
0.07239380031824112
0.04648077543824911
0.07021107282489539
0.07364314589649439
0.10605743285268546
0.05231674090027809
0.05762810334563255
0.06403768341988325
0.053932000137865546
0.04842896144837141
0.07866545133292675
0.06237351596355438
0.06644219998270273
0.06448388993740081
0.07313000578433275
0.08392468206584454
0.11631982177495956
0.06837594602257013
0.0675574891269207
0.09340361058712006
0.06988649647682905
0.07842331901192665
0.09416272789239884
0.06645544618368149
0.10254181697964668
0.09901716820895672
0.041321228444576266
0.0678870715200901
0.051617441698908806
0.0690871760249138
0.06409851927310228
0.05672058947384358
0.0576465068385005
0.08170890714973211
0.06934020034968853
0.10725991576910018
0.05698820818215609
0.13079775981605052
0.05120797008275986
0.07824760135263205
0.0824713597074151
0.09126251600682736
0.07942144572734833
0.07570535093545913
0.08970213569700718
0.11596109382808209
0.09112399276345969
0.0582921477034688
0.07346606515347957
0.08125227484852075
0.050303849019110204
0.0703879052773118
0.07930523566901684
0.04709570091217756
0.06984718441963196
0.06196021698415279
0.06385994032025337
0.09077778644859791
0.09315516147762537
0.05752988290041685
0.08003238067030907
0.08957316353917122
0.059958961233496665
0.06474566124379635
0.10095747821033
0.07612634580582381
0.057544606551527974
0.09138859566301108
0.08155494257807731
0.057173119857907295
0.0685227619484067
0.07748251929879188
0.08369228579103946
0.10125147737562656
0.05135338846594095
0.09481859132647515
0.10803906228393316
0.07723883204162121
0.08107412010431289
0.0973671967163682
0.08466249667108058
0.08502507396042347
0.054934005811810495
0.08460619784891606
0.07020122744143009
0.09155657403171062
0.059610437229275705
0.06972012165933847
0.10036229789257049
0.04463105164468288
0.07124757580459118
0.07700526844710112
0.08055292423814535
0.06384676955640316
0.06361549273133278
0.05574769303202629
0.06304999478161336
0.07265527304261923
0.12550960406661033
0.03683196101337671
0.09030645694583654
0.050359840877354144
0.09609874188899994
0.06493079457432031
0.07440718356519938
0.09528229050338269
0.06797023676335812
0.0632185636088252
0.13386637549847363
0.07366286963224411
0.07322238720953464
0.05833462215960026
0.054066538065671924
0.05293738469481468
0.10219083987176418
0.06015490125864744
0.061987880244851114
0.07730861119925976
0.06823329217731952
0.09576171729713678
0.06812072265893221
0.06743948366492987
0.07422426249831915
0.09623653199523688
0.05922407992184162
0.07835413813591004
0.09516340643167495
0.06708049159497023
0.07789254672825337
0.05667830668389797
0.038857000321149825
0.0491552971303463
0.08200988136231899
0.06502432134002448
0.05651579406112432
0.07824746146798134
0.08009448237717151
0.07436908334493637
0.09723624270409345
0.09293997157365083
0.06550536733120679
0.05993067380040884
0.08811030350625515
0.10285174269229173
0.07130244560539722
0.05095873288810253
0.04068968202918768
0.07742919530719519
0.07627825289964676
0.08611883036792278
0.0777471276000142
0.12294920217245817
0.06004307586699724
0.06475838497281075
0.07990110460668802
0.08365429230034352
0.13996026590466498
0.07422017082571983
0.0735327996313572
0.0806971088051796
0.11004619672894478
0.06661121528595686
0.0854672733694315
0.07087097838521003
0.08801334574818612
0.07165632098913192
0.07847247198224068
0.05185827631503344
0.050702649913728234
0.07191130351275206
0.08468101359903812
0.06898269765079021
0.057369783893227576
0.12296871971338988
0.07553432304412126
0.09908387698233127
0.06086233239620924
0.08804635722190142
0.08262706957757474
0.07288547456264496
0.06787016950547695
0.07618713602423668
0.08633087612688542
0.060181512124836446
0.08579554036259651
0.07246858403086662
0.06076158080250025
0.054258799739182
0.07157950308173895
0.05419972017407417
0.13122784737497567
0.09632246866822243
0.06655196659266949
0.07704365216195583
0.05495127663016319
0.06734987758100033
0.08845825642347335
0.07019860930740833
0.05782050006091595
0.09920282326638699
0.07497561164200306
0.06584610622376204
0.0782303899526596
0.07314129751175642
0.14025512300431728
0.0968912661075592
0.078700633905828
0.059524853713810444
0.07473419327288866
0.12248624823987483
0.07889976501464843
0.06448034718632698
0.09301238432526589
0.06345632020384073
0.11331071723252535
0.1556390579789877
0.0764076266437769
0.0740301538258791
0.07821570448577404
0.06385532598942519
0.0701334284618497
