0.9114200711250305
0.8886238753795623
0.9336591839790345
0.818444162607193
0.5891872227191925
0.6412183672189713
0.5853671789169311
0.5250406086444854
0.5242118090391159
0.5091561108827591
0.5440224051475525
0.48951300978660583
0.43645231127738954
0.4105477035045624
0.44637974351644516
0.42796511054039
0.441492435336113
0.3775146260857582
0.4588000297546387
0.3531228259205818
0.4178676247596741
0.41065824329853057
0.3193048059940338
0.3582582831382751
0.39515860974788664
0.4550933063030243
0.3610301911830902
0.30023696422576907
0.4476648926734924
0.3548671677708626
0.39921042174100874
0.34487917125225065
0.319029700756073
0.29314821064472196
0.42583282887935636
0.2972871452569962
0.2968720972537994
0.37723721414804456
0.35288256108760835
0.3139892518520355
0.3527444988489151
0.3131271556019783
0.4038476288318634
0.26203051060438154
0.36431324630975725
0.3071123272180557
0.36280687898397446
0.29279681891202924
0.2766439333558083
0.3325295388698578
0.28475321233272555
0.2949235185980797
0.2947817169129848
0.24455675333738328
0.23223972767591478
0.2876721054315567
0.24471371620893478
0.22081121951341628
0.24680691659450532
0.28605887442827227
0.2723774015903473
0.2291899859905243
0.24063305258750917
0.25756247863173487
0.30361170172691343
0.23572253286838532
0.2369494304060936
0.2490683153271675
0.2513713903725147
0.21660313829779626
0.23887269720435142
0.21618207842111586
0.24015272706747054
0.2867964684963226
0.27530599683523177
0.237644924223423
0.20800776779651642
0.2231443405151367
0.2918865978717804
0.2652166590094566
0.2262870341539383
0.21475669592618943
0.26273182556033137
0.2836457550525665
0.2873205728828907
0.1940133534371853
0.23669534288346766
0.1885470889508724
0.21588534712791443
0.24415905699133872
0.2608203887939453
0.2284245014190674
0.17538586854934693
0.216721872985363
0.214989173412323
0.15204759165644646
0.22954166829586028
0.18807650357484818
0.2026526741683483
0.28020651936531066
0.2732392199337482
0.19444953054189681
0.2648943647742271
0.191232817620039
0.16631926149129866
0.21758508384227754
0.16302461847662925
0.1917865566909313
0.18282824829220773
0.1800453282892704
0.2396024890244007
0.1955108404159546
0.16950892731547357
0.24317846745252608
0.15508511662483215
0.15851651579141618
0.14824049323797225
0.2144617885351181
0.15403382554650308
0.12346595674753189
0.13988016322255134
0.15658526718616486
0.13751924261450768
0.1602678582072258
0.17706233598291873
0.1370074473321438
0.1238366112112999
0.15714464895427227
0.20415499359369277
0.1473902218043804
0.1632213696837425
0.18550275787711143
0.2207864247262478
0.13670824840664864
0.12528418526053428
0.1562372252345085
0.1654576923698187
0.18987508863210678
0.1260087199509144
0.16034914329648017
0.11992609202861786
0.24549434334039688
0.16135263442993164
0.12499925121665001
0.18063746578991413
0.165155515819788
0.15917413160204888
0.16059486344456672
0.15916067212820054
0.16803009882569314
0.19966461956501008
0.13428125977516175
0.1186670869588852
0.13746471367776394
0.11134161427617073
0.11968685388565063
0.10443863607943057
0.13844614140689374
0.11271837204694748
0.11372746154665947
0.11006299518048764
0.14536628425121306
0.13820037469267846
0.11670422926545143
0.11188361719250679
0.13508613556623458
0.13195671923458577
0.12509752213954925
0.16932774633169173
0.10703569874167443
0.16336282901465893
0.1067884773015976
0.14144735783338547
0.15737458169460297
0.18783250749111174
0.11931273750960827
0.11072949767112732
0.15563739389181136
0.13160861134529114
0.14305627346038818
0.12445460669696332
0.09763719402253627
0.10428661219775677
0.11245360001921653
0.12652633860707282
0.12455484513193368
0.1321858325973153
0.09694115184247494
0.1459642682224512
0.12659766133874656
0.08535538092255593
0.11037101987749338
0.09390655346214771
0.1061256842687726
0.16044628508388997
0.08881229385733605
0.13110608905553817
0.12151153907179832
0.12920856140553952
0.0866558812558651
0.1532138828188181
0.11714382879436017
0.08260483369231224
0.09489246048033237
0.09451379962265491
0.16275695618242025
0.08283200711011887
0.11667919270694256
0.10670393966138363
0.17592450696974993
0.08824691027402878
0.11069588474929333
0.15483839102089406
0.13927839007228612
0.10107834748923779
0.11748377624899149
0.07773972526192666
0.14050611592829226
0.1212894655764103
0.0936267651617527
0.1256165098398924
0.12413891907781363
0.06888472437858581
0.1383484795689583
0.10464416034519672
0.10843367408961058
0.09974339529871941
0.09619676787406206
0.0643673125654459
0.07930455468595028
0.11901301592588424
0.11095255389809608
0.05996406748890877
0.0830821491777897
0.07815076913684607
0.11964009329676628
0.10795025154948235
0.0674716604873538
0.13927220534533263
0.1740916335955262
0.05641832612454891
0.08069116435945034
0.12395757548511029
0.10596186909824609
0.1548661980777979
0.07905155252665282
0.0714526953175664
0.06010317467153072
0.13343887366354465
0.08989142794162035
0.12476293556392193
0.10113447159528732
0.13115125875920058
0.09206815101206303
0.1338587984442711
0.10373211987316608
0.10255910493433476
0.07687261700630188
0.1110036712139845
0.08991345837712288
0.07622447106987237
0.059741351008415225
0.1310668358579278
0.08397960811853408
0.10475639179348946
0.10133737027645111
0.11032217405736447
0.08339331448078155
0.058843727596104144
0.1158942811191082
0.10976768173277378
0.10801460891962052
0.12041032798588276
0.12121340781450271
0.07873724158853293
0.08345087729394436
0.0632660124450922
0.0889544740319252
0.059061539731919764
0.06263854261487722
0.09890412054955959
0.05485825911164284
0.05832111835479736
0.0718445086851716
0.07081020977348089
0.125757328979671
0.13620973452925683
0.07112433109432459
0.1125062309205532
0.059467978589236734
0.07082887254655361
0.07753678541630507
0.09572682548314333
0.07981713209301233
0.13821626976132392
0.08942870236933231
0.07381912935525178
0.06009310185909271
0.08361543044447899
0.11711448580026626
0.1231581773608923
0.0670742841437459
0.05934891998767853
0.06931246165186167
0.08186804056167603
0.09211312048137188
0.0503174751996994
0.12377497740089893
0.07648879401385784
0.06070593688637018
0.06886359713971615
0.09971034619957209
0.09258692152798176
0.07467594109475613
0.08569759596139193
0.06676932480186223
0.1173786461353302
0.10007012560963631
0.07596852965652942
0.04611327145248652
0.09258823040872813
0.09562272597104311
0.06634464729577302
0.10381764695048332
0.07831278443336487
0.08988705445080995
0.06738196909427643
0.06931614056229592
0.07066530399024487
0.09381789285689593
0.12025658376514911
0.08047384768724442
0.14370082020759584
0.09156281352043152
0.07080053146928549
0.03484776560217142
0.09321552105247974
0.10292385760694742
0.08344472032040358
0.05968207884579897
0.07808536887168885
0.09188412260264159
0.09790608026087284
0.11570432148873806
0.050375699810683724
0.08125739451497793
0.0607007909566164
0.05961043406277895
0.11463310196995735
0.06040791980922222
0.06828795317560435
0.10516859926283359
0.1384621597826481
0.06032119430601597
0.10525303315371275
0.06097778640687466
0.0640719523653388
0.055387772433459756
0.10621415432542562
0.11859871707856655
0.08074753507971763
0.044203102588653564
0.07066074330359698
0.06800336297601461
0.06629131436347961
0.0654467586427927
0.054723878763616084
0.09123098850250244
0.06497809644788503
0.04790567774325609
0.09857206866145134
0.094947730563581
0.0626413308084011
0.08365321923047304
0.06723271943628788
0.044581669755280016
0.07258558198809624
0.0685868863016367
0.07536698896437884
0.08061408307403325
0.047950937785208224
0.08113357983529568
0.10788946263492108
0.06370450258255005
0.06875777244567871
0.14115645419806241
0.08027841486036777
0.06917296759784222
0.08275253921747208
0.07383107617497445
0.11203313283622265
0.05729083921760321
0.06957026459276676
0.07327455375343561
0.0916626002639532
0.09568164870142937
0.10888540260493755
0.05986096877604723
0.051808998733758924
0.11691881380975247
0.07811599038541317
0.09086045362055302
0.08231236338615418
0.10853255912661552
0.07546973899006844
0.07994201015681028
0.05773580018430948
0.08738723546266555
0.06536685880273581
0.13662006631493567
0.059243263117969035
0.08056950252503156
0.0974941685795784
0.059995006397366525
0.0991296174004674
0.0625619787722826
0.08492026310414076
0.10566733870655298
0.048642324097454545
0.07034933175891638
0.05571163184940815
0.07218576520681382
0.07963702995330095
0.08412785064429044
0.1056077217683196
0.12390539459884167
0.07211420051753521
0.054355053789913656
0.07385652158409357
0.07928113806992769
0.06928441263735294
0.09901269841939211
0.13144915737211704
0.0719865370541811
0.06756312679499388
0.049935264885425566
0.08866748008877039
0.08085666783154011
0.08181035164743662
0.07534081358462572
0.0868909802287817
0.06424202229827643
0.12735543735325336
0.07177347056567669
0.09622980169951915
0.10879758559167385
0.06228413693606853
0.0771840127184987
0.10536184683442115
0.03366565853357315
0.0822883814573288
0.059457544796168806
0.06595525816082955
0.07633102610707283
0.13848909866064787
0.07758599370718003
0.08456366136670113
0.07154647372663021
0.07903160639107228
0.04988176319748163
0.05782413575798273
0.0637620447203517
0.058752994798123834
0.06830572038888931
0.059856368042528627
0.09530967716127633
0.06068273410201073
0.09206927511841059
0.07068757582455873
0.0571514192968607
0.06463922746479511
0.08917252421379089
0.11898471917957068
0.06750093027949333
0.08937673922628164
0.05690721962600946
0.0439351350069046
0.08446280788630248
0.04645699001848698
0.08022413719445468
0.060284068994224074
0.07252139095216989
0.022834920696914195
0.07711918223649264
0.07381057105958462
0.08502468727529049
0.0931039322167635
0.03156038373708725
0.05553770754486322
0.059907907247543336
0.05839874595403671
0.11784009095281363
0.08771484382450581
0.05553937535732985
0.07982296440750361
0.058861293643712995
0.0727493928745389
0.06502537224441766
0.08744668532162905
0.08843206632882357
0.0840881697833538
0.07849835734814406
0.07844375465065241
0.07683612983673811
0.10557065159082413
0.06424427144229412
0.05255555920302868
0.06429362613707781
0.08844290915876626
0.08688153140246868
0.06687254700809717
0.05396588873118162
0.07062502428889275
0.06473227571696043
0.05843231696635485
0.08751398231834173
0.09006984010338784
0.06797983888536692
0.06325638368725776
0.054968992434442046
0.06977802645415068
0.0779780138283968
0.08665532581508159
0.061237828619778154
0.08906951397657395
0.11242953017354011
0.04933710489422083
0.11512766815721989
0.10064814276993275
0.0538451936095953
0.06600560434162617
0.08424477130174637
0.0589651184156537
0.096074653044343
0.06709927469491958
0.04191882759332657
0.0913669103756547
0.09718525856733322
0.06825600303709507
0.07565340753644705
0.06335693933069705
0.09847965184599161
0.06790080312639475
0.08265245873481035
0.1156171590089798
0.06534691490232944
0.06753228548914195
0.0677433304488659
0.08851726017892361
0.05054526254534721
0.08333785496652127
0.05327139049768448
0.10200347751379013
0.1031877912580967
0.05941632892936468
0.09076109882444143
0.05671788342297077
0.09781032912433148
0.07156638614833355
0.09512116238474846
0.09332778919488191
0.07853505238890648
0.06274260710924864
0.08873661495745182
0.0962094845250249
0.09022465962916612
0.055076242052018644
0.05897167548537254
0.07500417977571487
0.05822668131440878
0.10691455379128456
0.053408806957304475
0.06248379200696945
0.10294990129768848
0.08200346268713474
0.07482859138399363
0.07933994531631469
0.07704139687120914
0.09907744750380516
0.06251564063131809
0.05230676382780075
0.08123686239123344
0.0589136628434062
0.07712898477911949
0.06666679587215185
0.0744128968566656
0.0633473601192236
0.09659649096429349
0.06716098617762327
0.056706978008151054
0.08376021664589643
0.08608499132096767
0.09436078891158103
0.09150044061243534
0.058108162321150306
0.05074303690344095
0.11460161060094834
0.04982274770736694
0.07978769205510616
0.073588359169662
0.10446527488529682
0.07675869297236204
0.13254642505198716
0.06364643648266792
0.03291742503643036
0.09495031889528036
0.06002050694078207
0.06188548821955919
0.06745707523077726
0.07056723516434431
0.05014819297939539
0.06570638753473759
0.09954226389527321
0.055470503866672516
0.041227737441658974
0.08037908151745796
0.07538726851344109
0.05674185305833816
0.08430477604269981
0.07074195872992277
0.052482427097857
0.08999747112393379
0.09464007914066315
0.13873925507068635
0.08571747466921806
0.0860068690031767
0.07008995115756989
0.08081146590411663
0.08780208993703127
0.10163727942854166
0.10443101171404123
0.11376917455345392
0.09363422226160764
0.0937889251857996
0.10491180531680584
0.08516260348260403
0.06116231046617031
0.06904639136046171
0.09707813076674938
0.10801254101097583
0.05600168127566576
0.08409671820700168
0.07353481017053128
0.08765057940036058
0.07519559543579817
0.09232395123690366
0.06337325405329466
0.07380395159125328
0.10289799124002456
0.09018827248364687
0.06940588597208261
0.0669471625238657
0.06678860802203417
0.07894800081849099
0.06344766430556774
0.07196879815310239
0.07279918678104877
0.04723158590495587
0.036123573780059814
0.06929324101656675
0.05074882432818413
0.06061881557106972
0.07183264922350645
0.10986693389713764
0.1126940343528986
0.06883817799389362
0.057829721830785275
0.04966338407248259
0.11292955055832862
0.06876643151044845
0.10535235069692135
0.08964812196791172
0.07084912359714508
0.0779796065762639
0.06493828240782022
0.0625614320859313
0.06739083416759968
0.08583343680948019
0.04102856125682593
0.07106827553361654
0.07433930896222592
0.06079623717814684
0.07025879099965096
0.10739957615733146
0.05676679499447346
0.07386584039777518
0.06919304952025414
0.06085694208741188
0.05403356570750475
0.08120071552693844
0.06527300775051117
0.07286076955497264
0.07492089569568634
0.06300872955471278
0.09549183156341315
0.06485398150980473
0.09517824538052082
0.10688862167298793
0.05013088714331389
0.10615496262907982
0.057378907687962055
0.04597951918840408
0.08398234024643898
0.07173976581543684
0.08098965249955654
0.10404372550547122
0.06006542220711708
0.1006013497710228
0.04481392875313759
0.044509509578347206
0.05832981336861849
0.08623521514236927
0.039691506139934066
0.08086504712700844
0.10444647446274757
0.10378624722361565
0.08903961069881916
0.07496038004755974
0.0688774088397622
0.10001032780855894
0.06360761299729348
0.11187974624335766
0.04938525948673487
0.06817144807428122
0.06276423987001181
0.087822943367064
0.09195925444364547
0.06097392067313194
0.07814058884978295
0.050389358401298524
0.08645330835133791
0.08530346713960171
0.09755007587373257
0.06260530389845372
0.08931327667087316
0.06108730398118496
0.07125567570328713
0.07642335053533315
0.06668537929654121
0.06907864268869161
0.08223176151514053
0.05219856314361095
0.06570453885942698
0.08421189710497856
0.09262340851128101
0.07839089389890433
0.08296532426029443
0.07510387767106294
0.06126345284283161
0.06080416366457939
0.0606747105717659
0.06406733803451062
0.05839529782533646
0.07609120793640614
0.06538510508835316
0.05146221946924925
0.08683273047208787
0.048154250346124174
0.10350358001887798
0.09945454392582179
0.042480196431279184
0.06725162006914616
0.06332974024116993
0.06857138033956289
0.08760066218674183
0.0563213512301445
0.06802707482129336
0.09020481538027525
0.047985608130693434
0.07874442804604768
0.06538323853164911
0.0536015035584569
0.11892731878906489
0.09605018049478531
0.04522871747612953
0.08703085090965032
0.10903755985200406
0.0732496215030551
0.07842742670327425
0.09790789633989334
0.07239380031824112
0.04648077543824911
0.07021107282489539
0.07364314589649439
0.10605743285268546
0.05231674090027809
0.05762810334563255
0.06403768341988325
0.053932000137865546
0.04842896144837141
0.07866545133292675
0.06237351596355438
0.06644219998270273
0.06448388993740081
0.07313000578433275
0.08392468206584454
0.11631982177495956
0.06837594602257013
0.0675574891269207
0.09340361058712006
0.06988649647682905
0.07842331901192665
0.09416272789239884
0.06645544618368149
0.10254181697964668
0.09901716820895672
0.041321228444576266
0.0678870715200901
0.051617441698908806
0.0690871760249138
0.06409851927310228
0.05672058947384358
0.0576465068385005
0.08170890714973211
0.06934020034968853
0.10725991576910018
0.05698820818215609
0.13079775981605052
0.05120797008275986
0.07824760135263205
0.0824713597074151
0.09126251600682736
0.07942144572734833
0.07570535093545913
0.08970213569700718
0.11596109382808209
0.09112399276345969
0.0582921477034688
0.07346606515347957
0.08125227484852075
0.050303849019110204
0.0703879052773118
0.07930523566901684
0.04709570091217756
0.06984718441963196
0.06196021698415279
0.06385994032025337
0.09077778644859791
0.09315516147762537
0.05752988290041685
0.08003238067030907
0.08957316353917122
0.059958961233496665
0.06474566124379635
0.10095747821033
0.07612634580582381
0.057544606551527974
0.09138859566301108
0.08155494257807731
0.057173119857907295
0.0685227619484067
0.07748251929879188
0.08369228579103946
0.10125147737562656
0.05135338846594095
0.09481859132647515
0.10803906228393316
0.07723883204162121
0.08107412010431289
0.0973671967163682
0.08466249667108058
0.08502507396042347
0.054934005811810495
0.08460619784891606
0.07020122744143009
0.09155657403171062
0.059610437229275705
0.06972012165933847
0.10036229789257049
0.04463105164468288
0.07124757580459118
0.07700526844710112
0.08055292423814535
0.06384676955640316
0.06361549273133278
0.05574769303202629
0.06304999478161336
0.07265527304261923
0.12550960406661033
0.03683196101337671
0.09030645694583654
0.050359840877354144
0.09609874188899994
0.06493079457432031
0.07440718356519938
0.09528229050338269
0.06797023676335812
0.0632185636088252
0.13386637549847363
0.07366286963224411
0.07322238720953464
0.05833462215960026
0.054066538065671924
0.05293738469481468
0.10219083987176418
0.06015490125864744
0.061987880244851114
0.07730861119925976
0.06823329217731952
0.09576171729713678
0.06812072265893221
0.06743948366492987
0.07422426249831915
0.09623653199523688
0.05922407992184162
0.07835413813591004
0.09516340643167495
0.06708049159497023
0.07789254672825337
0.05667830668389797
0.038857000321149825
0.0491552971303463
0.08200988136231899
0.06502432134002448
0.05651579406112432
0.07824746146798134
0.08009448237717151
0.07436908334493637
0.09723624270409345
0.09293997157365083
0.06550536733120679
0.05993067380040884
0.08811030350625515
0.10285174269229173
0.07130244560539722
0.05095873288810253
0.04068968202918768
0.07742919530719519
0.07627825289964676
0.08611883036792278
0.0777471276000142
0.12294920217245817
0.06004307586699724
0.06475838497281075
0.07990110460668802
0.08365429230034352
0.13996026590466498
0.07422017082571983
0.0735327996313572
0.0806971088051796
0.11004619672894478
0.06661121528595686
0.0854672733694315
0.07087097838521003
0.08801334574818612
0.07165632098913192
0.07847247198224068
0.05185827631503344
0.050702649913728234
0.07191130351275206
0.08468101359903812
0.06898269765079021
0.057369783893227576
0.12296871971338988
0.07553432304412126
0.09908387698233127
0.06086233239620924
0.08804635722190142
0.08262706957757474
0.07288547456264496
0.06787016950547695
0.07618713602423668
0.08633087612688542
0.060181512124836446
0.08579554036259651
0.07246858403086662
0.06076158080250025
0.054258799739182
0.07157950308173895
0.05419972017407417
0.13122784737497567
0.09632246866822243
0.06655196659266949
0.07704365216195583
0.05495127663016319
0.06734987758100033
0.08845825642347335
0.07019860930740833
0.05782050006091595
0.09920282326638699
0.07497561164200306
0.06584610622376204
0.0782303899526596
0.07314129751175642
0.14025512300431728
0.0968912661075592
0.078700633905828
0.059524853713810444
0.07473419327288866
0.12248624823987483
0.07889976501464843
0.06448034718632698
0.09301238432526589
0.06345632020384073
0.11331071723252535
0.1556390579789877
0.0764076266437769
0.0740301538258791
0.07821570448577404
0.06385532598942519
0.0701334284618497
0.6802651643753052
0.6020578265190124
0.7684725433588028
0.7559901595115661
0.6356206178665161
0.510526642203331
0.49811245799064635
0.6867748856544494
0.5304263323545456
0.4132600575685501
0.5404031544923782
0.5209521502256393
0.45607530176639555
0.42168866097927094
0.45387337505817416
0.44884039759635924
0.5404575496912003
0.45494064390659333
0.3736443892121315
0.36396440863609314
0.35719009637832644
0.368168817460537
0.44977175295352934
0.4747078627347946
0.4107424199581146
0.4314557746052742
0.3946507781744003
0.4281268328428268
0.31470014452934264
0.374716816842556
0.3081549912691116
0.2995440736413002
0.4494303077459335
0.35008033365011215
0.2659179404377937
0.38599996268749237
0.3108679309487343
0.3119181156158447
0.35975093096494676
0.3863669127225876
0.3583931714296341
0.35872254371643064
0.32859718799591064
0.3290849909186363
0.26044638454914093
0.3404026210308075
0.29512047171592715
0.3341162636876106
0.34250671714544295
0.356845560669899
0.28883358687162397
0.2664973884820938
0.3068328320980072
0.2706208437681198
0.20108084976673127
0.2242557391524315
0.27781625390052794
0.23144515454769135
0.27679682746529577
0.22740251198410988
0.3260432004928589
0.2071378380060196
0.3408056750893593
0.24446064084768296
0.21303871050477027
0.27872069776058195
0.24698537290096284
0.3284050911664963
0.2474335789680481
0.22698781341314317
0.20476920828223227
0.29499415010213853
0.2264467440545559
0.21364396139979364
0.21883529424667358
0.211762672662735
0.1987794704735279
0.2822188138961792
0.18003001138567926
0.21073296889662743
0.27880153357982634
0.27757029980421066
0.20978518575429916
0.24269318729639053
0.19740118309855462
0.21377729773521423
0.26133471429347993
0.2527675285935402
0.16494761034846306
0.21713614836335182
0.16541022732853888
0.16584313809871673
0.27183514535427095
0.2065060194581747
0.156569142639637
0.1563663199543953
0.18868917897343634
0.19651129543781282
0.18649381771683693
0.24428651556372644
0.20124050304293634
0.19310362637043
0.15584274753928185
0.22686231099069118
0.1942509800195694
0.18591937720775603
0.18387610353529454
0.2524255745112896
0.1756512526422739
0.19566748291254044
0.1822732724249363
0.18427372872829437
0.18607518523931504
0.14879232048988342
0.16048874631524085
0.2068690199404955
0.16631109714508058
0.15577806681394576
0.19197845757007598
0.1957669660449028
0.21441659703850746
0.15971607863903045
0.18830079287290574
0.1904859237372875
0.14857781045138835
0.18072562664747238
0.12810555808246135
0.1467205196619034
0.15135486721992492
0.19805897176265716
0.16339389309287072
0.19030261486768724
0.19960411116480828
0.16499491333961486
0.22087632566690446
0.11702424101531506
0.20817531272768974
0.1754458226263523
0.17377220764756202
0.11053571701049805
0.15523382276296616
0.2121758207678795
0.1920941673219204
0.15150394812226295
0.15078486539423466
0.1298051245510578
0.10943535566329957
0.14397731125354768
0.1441460806876421
0.17571849450469018
0.143084697984159
0.17130581811070442
0.17850046269595624
0.1658628188073635
0.19343061745166779
0.15585301369428634
0.19102175533771515
0.18283439762890338
0.1750427946448326
0.19737178310751916
0.15115850269794465
0.1521731711924076
0.15905667394399642
0.14597780629992485
0.1511974051594734
0.14759241715073584
0.17078195065259932
0.14041606150567532
0.1975636977702379
0.2038281463086605
0.16641984209418298
0.20128600634634494
0.16266432404518127
0.19018742963671684
0.1318365465849638
0.14327847734093666
0.1314622037112713
0.14006694331765174
0.16439631655812265
0.15875588320195674
0.18153691217303275
0.14688952043652534
0.15165185257792474
0.16184695065021515
0.15304626524448395
0.1486476480960846
0.15214977599680424
0.12187972851097584
0.16833856999874114
0.15947452336549758
0.12405559644103051
0.1333914387971163
0.10931170359253883
0.13198760375380517
0.19242286384105683
0.15814713649451734
0.14647021926939488
0.21271219551563264
0.150029244273901
0.17918094247579575
0.15455580577254296
0.17975233159959317
0.1286846876144409
0.17693298682570457
0.20810488983988762
0.13869630731642246
0.08914326392114162
0.154278028011322
0.1547637589275837
0.15932093299925326
0.1438558079302311
0.1500098302960396
0.16775509901344776
0.1382211171090603
0.10752149298787117
0.141398810967803
0.1801757372915745
0.13737183287739754
0.1926524318754673
0.1675317194312811
0.1507496688514948
0.14992301538586617
0.16495101824402808
0.17690608687698842
0.14809041731059552
0.1599710114300251
0.1658617652952671
0.17377067655324935
0.13826614245772362
0.14605870842933655
0.16496712863445281
0.12895728163421155
0.15240232422947883
0.17335558608174323
0.15988060161471368
0.12305141463875771
0.1615027204155922
0.12674753740429878
0.15239357352256774
0.15933100506663322
0.10423738174140454
0.12192217223346233
0.135564699023962
0.13517849892377853
0.15071872770786285
0.14983935952186583
0.1114625509828329
0.1731362149119377
0.1639375388622284
0.16931732930243015
0.18147667422890662
0.15396700724959372
0.20709138438105584
0.19343724474310875
0.1382238395512104
0.1405292611569166
0.15230719819664956
0.11121066398918629
0.14870868287980557
0.10999140441417694
0.16151844076812266
0.14132413566112517
0.20670241266489028
0.1936109695583582
0.19371739849448205
0.15180732160806656
0.156281740963459
0.16492158472537993
0.1402306329458952
0.13683746084570886
0.10421633310616016
0.15662289299070836
0.18518248684704303
0.15398847088217735
0.15321907475590707
0.12935082651674748
0.12035171389579773
0.191097903996706
0.15235451720654963
0.13361201323568822
0.1632913388311863
0.1445796772837639
0.1530474115163088
0.153890722990036
0.19091061726212502
0.11680180206894875
0.17443280704319478
0.17533267736434938
0.10791929587721824
0.13399169594049454
0.1811246708035469
0.19254413694143296
0.15819583162665368
0.1512446079403162
0.15593401491641998
0.13042680770158768
0.17721144221723079
0.15470269396901132
0.13354796469211577
0.17833271920681
0.16608313284814358
0.14575481340289115
0.14041202925145627
0.17151800766587258
0.1735707361251116
0.11122789569199085
0.1518394261598587
0.17822993434965612
0.15391377881169319
0.11310844533145428
0.15840193517506124
0.18206705823540686
0.17871500216424466
0.158067087829113
0.18364142253994942
0.16344872638583183
0.17018515840172768
0.18081296533346175
0.12499446794390678
0.142258158326149
0.12729976400732995
0.13137582391500474
0.1526420522481203
0.1539449945092201
0.1262575328350067
0.20419810637831687
0.12473841197788715
0.16441345140337943
0.1164868302643299
0.15300968512892724
0.1595227548852563
0.14569113738834857
0.1771887641400099
0.15322804413735866
0.12130943238735199
0.15185010358691214
0.12715719640254974
0.13708323426544666
0.1624551385641098
0.13920505475252867
0.13069973662495613
0.17111012116074562
0.13931290283799172
0.17665335461497306
0.15640433877706528
0.15051083639264107
0.13508817367255688
0.14739301111549138
0.11584972366690635
0.1266134988516569
0.18748777657747268
0.1515881784260273
0.17949686124920844
0.1759156569838524
0.21292399764060974
0.16470110602676868
0.1521516963839531
0.15744232721626758
0.10533552058041096
0.14621705934405327
0.1729492239654064
0.16013868376612664
0.16074144318699837
0.17495977878570557
0.14544060528278352
0.12359605580568314
0.14696314558386803
0.1470276664942503
0.09132321663200856
0.18351004607975482
0.17062293589115143
0.166038067266345
0.14580782428383826
0.14134781397879123
0.10351698398590088
0.14618156477808952
0.14897873178124427
0.1373934131115675
0.13208410143852234
0.1144713070243597
0.10181028470396995
0.16312501691281794
0.16242069005966187
0.14329836294054984
0.13220451772212982
0.18251032046973706
0.17609715163707734
0.19116853550076485
0.11111550144851208
0.12168698757886887
0.15293604396283628
0.16389977559447289
0.15355571880936622
0.1631112579256296
0.1872897759079933
0.1298695221543312
0.16851415634155273
0.16052392832934856
0.13913124594837428
0.1362610027194023
0.12344438396394253
0.13758566305041314
0.1594860628247261
0.1604061286896467
0.17749511301517487
0.15817582048475742
0.12051328755915165
0.10829845070838928
0.10954255126416683
0.1656525783240795
0.12817484252154826
0.13474480509757997
0.1916257694363594
0.19660163447260856
0.13275054655969143
0.17682737112045288
0.13291802853345872
0.164546462893486
0.15584283769130708
0.15395432338118553
0.14199811443686486
0.14166808314621449
0.18585278168320657
0.18790935650467872
0.1695610575377941
0.125711327791214
0.14271913506090642
0.1345370888710022
0.14997742362320424
0.16659379824995996
0.1793390229344368
0.13038427978754044
0.15848066955804824
0.17278966680169106
0.11998077407479286
0.15413056649267673
0.19152505174279214
0.17198686972260474
0.13693394772708417
0.1366359993815422
0.163216719776392
0.15723354518413543
0.1413523130118847
0.13094359114766121
0.16332922205328942
0.1241550523787737
0.13483408987522125
0.1460479363799095
0.15917508527636529
0.15194045156240463
0.1319647751748562
0.13205417171120643
0.14475177600979805
0.12450725510716439
0.1440233789384365
0.14986988753080369
0.1429874785244465
0.13662185408174993
0.13599991276860238
0.11271341294050216
0.12460755966603757
0.16080285981297493
0.14701946787536144
0.10603798255324363
0.12003568448126316
0.10723846666514873
0.14685189239680768
0.18921252340078354
0.13004576601088047
0.15556760579347612
0.16285322234034538
0.16220309883356093
0.13781984373927117
0.18310118913650514
0.11336590610444545
0.16997927501797677
0.10914831086993218
0.15506339780986308
0.11655794456601143
0.12171087861061096
0.1318540047854185
0.1535627879202366
0.1267452400177717
0.16041711419820787
0.1463458389043808
0.19683075845241546
0.11663521118462086
0.12068591229617595
0.1767507318407297
0.15648065321147442
0.17929529398679733
0.14959677681326866
0.11192301772534848
0.14638078026473522
0.13841603249311446
0.18470593690872192
0.12526396848261356
0.15516434758901596
0.13634903877973556
0.2002012774348259
0.2313285693526268
0.1599215991795063
0.1990602895617485
0.21094916462898256
0.1365017920732498
0.1296799123287201
0.1932028241455555
0.17829613909125328
0.20911251641809941
0.23243409693241118
0.16671625897288322
0.1322526428848505
0.13725561499595643
0.1719608549028635
0.14194806814193725
0.1806044764816761
0.17159380279481412
0.17650582529604436
0.1489436998963356
0.16149816997349262
0.14678739607334138
0.13689040392637253
0.17267141602933406
0.14334047138690947
0.1653173018246889
0.13265284523367882
0.13209033012390137
0.13321218863129616
0.15310213044285775
0.20439546853303908
0.1724083736538887
0.13921189568936826
0.14857609570026398
0.10914849378168583
0.12499069795012474
0.21228933483362197
0.19963692128658295
0.1458810955286026
0.13166848476976156
0.1492397390305996
0.12415271289646626
0.15285298228263855
0.11925662010908127
0.2083178646862507
0.13183485418558122
0.13821194395422937
0.14547750130295753
0.14813033659011127
0.1505125105381012
0.13619973585009576
0.15483927577733994
0.15952643491327761
0.14102678373456
0.17757463157176973
0.15895339250564575
0.1473231427371502
0.16464348547160626
0.14403025023639202
0.15043649710714818
0.1539466015994549
0.15488750338554383
0.11209701299667359
0.2042094673961401
0.16188647001981735
0.10052699856460094
0.13123859316110612
0.259331264719367
0.1775324262678623
0.19712919034063817
0.1845453217625618
0.18451477736234664
0.12310105673968792
0.16570471003651618
0.14694681912660598
0.13923760280013084
0.17467050850391388
0.1511429652571678
0.1385356981307268
0.15736586600542068
0.17306491285562514
0.15988557413220406
0.17462763339281082
0.159048705548048
0.15710345059633254
0.1100642742589116
0.15419083200395106
0.17252127230167388
0.12020957320928574
0.15639791041612625
0.1474098801612854
0.1385748516768217
0.22331542223691941
0.13740637227892877
0.16497983895242213
0.19228262454271317
0.1158362589776516
0.14496257081627845
0.1694538712501526
0.10790622681379318
0.12991487458348275
0.15763615369796752
0.169648989289999
0.1492679685354233
0.1989453598856926
0.17154685817658902
0.12800732031464576
0.14764805659651756
0.11569317542016506
0.17333806529641152
0.13387802951037883
0.15849231407046319
0.20126821249723434
0.1410151831805706
0.134481668099761
0.1496449436992407
0.09413674362003803
0.1537540227174759
0.20124916657805442
0.20686594471335412
0.14403337463736535
0.16586911529302598
0.1245366383343935
0.14749402403831482
0.16066771037876607
0.1550391599535942
0.17778815254569053
0.21157594099640847
0.16063414067029952
0.13092421591281891
0.16560024991631508
0.14904616326093673
0.18676550537347794
0.14137206599116325
0.20233334563672542
0.1419599622488022
0.19336782321333884
0.11918937899172306
0.12365263737738133
0.15234828665852546
0.11746698394417762
0.13523458689451218
0.17066322080790997
0.16329817324876786
0.1427591510117054
0.14954246394336224
0.19347674772143364
0.13000457175076008
0.1293807826936245
0.13356172665953636
0.14358017072081566
0.16131137423217295
0.15042824819684028
0.14152871444821358
0.1260952964425087
0.14932383745908737
0.16000737026333808
0.2205502986907959
0.1450688995420933
0.11825897321105003
0.18222371116280556
0.19106304757297038
0.13011543601751327
0.16409969031810762
0.16245722733438014
0.13269257992506028
0.14662670195102692
0.1979520082473755
0.17430037818849087
0.16359578147530557
0.14306398257613182
0.10898282788693905
0.12354658246040344
0.15573344603180886
0.12031719163060188
0.134799462556839
0.17584021314978598
0.1436211921274662
0.13463392443954944
0.10926814489066601
0.15172991827130317
0.17466359883546828
0.18399361036717893
0.18421448320150374
0.17821410894393921
0.11024393755942583
0.15610404685139656
0.13915946297347545
0.16170597597956657
0.19541099593043326
0.15674050152301788
0.13954306878149508
0.18576769940555096
0.17862326055765151
0.0897865779697895
0.1241080241277814
0.1406784038990736
0.11218887828290462
0.11870586648583412
0.13940288349986077
0.1833335801959038
0.18641750440001487
0.1675785191357136
0.15043613761663438
0.16216462329030037
0.18290587589144708
0.1339220091700554
0.1408710591495037
0.1368907107040286
0.14740359783172607
0.11890477389097213
0.17597412168979645
0.12940328158438205
0.18638987950980662
0.12847215682268143
0.1559178687632084
0.1402963537722826
0.17230037748813629
0.19152184799313546
0.1490076169371605
0.13925807550549507
0.20989410057663918
0.13721409067511559
0.13771264310926198
0.143308936804533
0.1768915168941021
0.15518557727336885
0.1466670125722885
0.13803422786295413
0.19992674738168717
0.1485367774963379
0.16257147789001464
0.19459592774510384
0.20778681412339212
0.17950307615101338
0.14483528584241867
0.11652247384190559
0.1649163957685232
0.1618843950331211
0.12607279866933824
0.1709507755935192
0.14982174336910248
0.11620715260505676
0.13858563788235187
0.1047270119190216
0.16193509995937347
0.11491276919841767
0.09841489680111408
0.1175769440829754
0.1256941869854927
0.13821737915277482
0.2142507702112198
0.14798762202262877
0.165199114382267
0.1527529988437891
0.15431302413344383
0.17654814049601555
0.1613579921424389
0.16911799125373364
0.14924509674310685
0.142776957154274
0.1686819050461054
0.16378604546189307
0.15440658777952193
0.15758398324251174
0.16262403056025504
0.15356467179954053
0.1323348183184862
0.1526155959814787
0.1370688807219267
0.16193419098854064
0.14542663469910622
0.13872769568115473
0.12684113159775734
0.1604923874139786
0.13861577808856965
0.1231199238449335
0.13773318119347094
0.14144373126327991
0.1540997765958309
0.08516367636620999
0.16160762682557106
0.16793768852949142
0.1309711944311857
0.16844310462474824
0.13699907287955285
0.11605022586882115
0.1556612767279148
0.1842906529083848
0.13656472340226172
0.1379171185195446
0.14179130159318448
0.170981016010046
0.16949695870280265
0.14724350571632386
0.22175845131278038
0.1441060621291399
0.15931941382586956
0.17255911976099014
0.12168222218751908
0.12508345320820807
0.13749445229768753
0.11459727697074414
0.13280659653246402
0.19748179279267788
0.14024834148585796
0.1420602932572365
0.12409366890788079
0.15496288239955902
0.15475166961550713
0.129417085647583
0.14224338605999948
0.12709223181009294
0.1346506170928478
0.1173323191702366
0.18481764569878578
0.17168349400162697
0.15059138387441634
0.1527891218662262
0.1372012749314308
0.1602429322898388
0.1402723580598831
0.15665675289928913
0.12443126551806927
0.13482322171330452
0.10749264061450958
0.11402362249791623
0.1623056922107935
0.16715859174728392
0.1627569254487753
0.118883322365582
0.13287359550595285
0.13322133980691434
0.16132765114307404
0.16702865138649942
0.12973490729928017
0.15927615594118832
0.2007376119494438
0.15158624500036239
0.21617072969675064
0.13149701654911042
0.15497230142354965
0.1383098755031824
0.14796152114868164
0.13337985500693322
0.16433266922831535
0.11733542568981647
0.16520835012197493
0.1601487748324871
0.19593379124999047
0.16530970185995103
0.16435691416263581
0.15592827461659908
0.16850088387727738
0.17998751625418663
0.11446610763669014
0.16468270756304265
0.11634570956230164
0.12047526985406876
0.11855670027434825
0.1474810592830181
0.15125898383557795
0.15383582189679146
0.14467507973313332
0.13319158218801022
0.13548222184181213
0.15556095987558366
0.1532000906765461
0.17147911414504052
0.13823396638035773
0.15479053221642972
0.13887764029204847
0.12012742720544338
0.13630232587456703
0.1505825325846672
0.11689314730465412
0.1500858347862959
0.12416863068938255
0.18738196268677712
0.10539729502052068
0.1570931665599346
0.12573568411171437
0.20475490689277648
0.14559330195188522
0.15511336624622346
0.1361889861524105
0.13194831199944018
0.18453814201056956
0.17344312816858293
0.13319585099816322
0.14845351725816727
0.11087928079068661
0.17459473200142384
0.14058849737048149
0.1779524527490139
0.15054735206067563
0.1118169914931059
0.13426727801561356
0.21378397643566133
0.17861585989594458
0.15407463535666466
0.19039743766188622
0.12475288361310959
0.13085358440876008
0.19565907083451747
0.19820328429341316
0.1417427033185959
0.15178299099206924
0.13551849499344826
0.17463014647364616
0.12875244319438933
0.15529411360621453
0.17304511591792107
0.14719721525907517
0.15683780312538148
0.1307867955416441
0.1501026775687933
0.14790949746966361
0.12283764779567719
0.1398746371269226
0.13950828239321708
0.1411393977701664
0.15526586323976516
0.13042667284607887
0.16863852441310884
0.20491758547723293
0.12405580170452594
0.15116700306534767
0.13768973648548127
0.13824238628149033
0.1630482017993927
0.13846520259976386
0.17161835134029388
0.0992625817656517
0.13270959183573722
0.0900526363402605
0.179434821754694
0.18606021851301194
0.19385201260447502
0.15046706274151803
0.16040304824709892
0.1780731722712517
0.17219341397285462
0.1756731726229191
0.1445280447602272
0.126160478964448
0.19145675599575043
0.12229610458016396
0.166323072463274
0.1415805894881487
0.15043488815426825
0.14266734346747398
0.1515139751136303
0.12502314820885657
0.1366891238838434
0.13141316436231137
0.15774582214653493
0.16588777527213097
0.1902225486934185
0.15847784504294396
0.10851889923214912
0.11985335499048233
0.144912002235651
0.1525883201509714
0.17948515340685844
0.18735605478286743
0.14730355739593506
0.13825637996196746
0.16872142925858497
0.15005882196128367
0.1478095106780529
0.12450616806745529
0.17111264020204545
0.1281891383230686
0.19512666165828704
0.17569611072540284
0.15502107441425322
0.1960995938628912
0.16228129491209983
0.13903578370809555
0.1856093067675829
0.135262531042099
0.1731164872646332
0.19920956566929818
0.16241354756057264
0.11877895146608353
0.18069843538105487
0.14831868857145308
0.14739596396684645
0.16989954933524132
0.16870723217725753
0.19797840416431428
0.11920590810477734
0.15877459943294525
0.1971974976360798
0.16603669412434102
0.13156772293150426
0.13139526173472404
0.16249700710177423
0.18882483579218387
0.13260621912777423
0.1438021779060364
