0.9539774417877197
0.7205526411533356
0.7405735075473785
0.7065629482269287
0.7085875749588013
0.6967011451721191
0.6983009934425354
0.7016632199287415
0.692305064201355
0.6873595476150512
0.6981924295425415
0.6978662073612213
0.7045718491077423
0.7001982688903808
0.6939182221889496
0.6934483110904693
0.7014561295509338
0.6967854917049408
0.6929772615432739
0.693662428855896
0.6918895661830902
0.6892213940620422
0.6811329603195191
0.6982139110565185
0.6934810698032379
0.6969841599464417
0.6927939176559448
0.6964945793151855
0.6944986581802368
0.6963824331760406
0.6950502634048462
0.6945880651473999
0.6975686430931092
0.6959098756313324
0.6988365530967713
0.6972215950489045
0.6937978804111481
0.6928199708461762
0.6965254485607147
0.6910858809947967
0.7029679775238037
0.6921852052211761
0.6909119248390198
0.6967625439167022
0.6985354781150818
0.6927306354045868
0.6920232951641083
0.6889234006404876
0.6961596071720123
0.6871038675308228
0.6888613045215607
0.6827600359916687
0.682782632112503
0.6699553906917572
0.6688559591770172
0.6630111992359161
0.6402414858341217
0.6504553258419037
0.6342423975467681
0.6345708668231964
0.6134341776371002
0.6121078789234161
0.6443078815937042
0.610851126909256
0.640838760137558
0.6182028889656067
0.5937364637851715
0.569802638888359
0.5794321060180664
0.5799836933612823
0.5485915929079056
0.5232455998659133
0.5300718456506729
0.6020360320806504
0.5512729436159134
0.5469595640897751
0.5728966653347015
0.5102577656507492
0.6418917566537857
0.5979992985725403
0.5178018838167191
0.5152909159660339
0.4799046218395233
0.514418289065361
0.4775510668754578
0.5471583187580109
0.5479730904102326
0.6282855927944183
0.5779880046844482
0.5884957253932953
0.6522885888814927
0.6320255160331726
0.5353358864784241
0.5338473051786423
0.5116951882839202
0.5090509265661239
0.5346088707447052
0.5084554105997086
0.44578870832920076
0.4252146393060684
0.4854481667280197
0.4584056198596954
0.4596156656742096
0.46222529709339144
0.4743879228830338
0.4805598556995392
0.4220727801322937
0.4108966201543808
0.4296559005975723
0.4280548244714737
0.43609600365161894
0.4166378378868103
0.4086850255727768
0.3679163306951523
0.4006703644990921
0.39032417833805083
0.4084984451532364
0.4261616587638855
0.4122117429971695
0.41766918152570726
0.4301750063896179
0.4597459673881531
0.42291927337646484
0.4135139465332031
0.4785398870706558
0.4120124399662018
0.4492076724767685
0.38863727152347566
0.47195934057235717
0.4202560931444168
0.49860497415065763
0.4510547012090683
0.43101694583892824
0.4425947040319443
0.46256994903087617
0.39197360873222353
0.4325445681810379
0.386766591668129
0.39862032830715177
0.43205185532569884
0.3644513443112373
0.38851088285446167
0.3963650166988373
0.40335985720157624
0.41149016469717026
0.38325533270835876
0.3916907697916031
0.4570507943630219
0.44403730034828187
0.4443844974040985
0.4123871386051178
0.4108149975538254
0.4537959396839142
0.389902400970459
0.3844656467437744
0.3909381479024887
0.40495048761367797
0.4140582263469696
0.4065809607505798
0.404633229970932
0.38364491909742354
0.4117040246725082
0.3723587542772293
0.378045517206192
0.40524192005395887
0.3965299308300018
0.3736070662736893
0.38731435835361483
0.40331711769104006
0.36122662723064425
0.3547430783510208
0.3264453083276749
0.3156401038169861
0.3753237247467041
0.3824271887540817
0.3522921711206436
0.38018736988306046
0.36031363606452943
0.3997743546962738
0.4053040653467178
0.3636231631040573
0.3832791090011597
0.3189293459057808
0.4315748855471611
0.3870703041553497
0.33072021454572675
0.310876801609993
0.38874802738428116
0.4098257288336754
0.32987494617700575
0.34719931036233903
0.3844655603170395
0.37376772463321684
0.3654653698205948
0.42617897391319276
0.375382137298584
0.4317740201950073
0.3652806580066681
0.3545218795537949
0.34828961789608004
0.404679536819458
0.3428934633731842
0.3065458446741104
0.32168823182582856
0.29948060512542723
0.3692281097173691
0.4026711851358414
0.38321183025836947
0.4368490487337112
0.3195522308349609
0.36868126392364503
0.37591278851032256
0.3643708065152168
0.38721180260181426
0.3775135278701782
0.3385354518890381
0.3971771240234375
0.3277621060609818
0.3538442894816399
0.3560675740242004
0.3576564848423004
0.3527835711836815
0.42077251970767976
0.35424340814352034
0.3703144669532776
0.3616540044546127
0.3807031333446503
0.3583051234483719
0.3560208216309547
0.3130773723125458
0.32558587938547134
0.3851029217243195
0.33561901152133944
0.35179838836193084
0.3858236402273178
0.3681544840335846
0.3686197519302368
0.32987460494041443
0.3813064247369766
0.36292892694473267
0.36163197457790375
0.38217481374740603
0.39179653525352476
0.34237211346626284
0.3583530247211456
0.37541468143463136
0.35045833736658094
0.3952630504965782
0.3406241089105606
0.33884961903095245
0.4110755741596222
0.3717048317193985
0.33501013070344926
0.34144010543823244
0.3502964124083519
0.29032824337482455
0.3212967708706856
0.3895588397979736
0.37336491197347643
0.36323841512203214
0.3410688519477844
0.3603824436664581
0.33051680475473405
0.3489275023341179
0.38086563646793364
0.34324584901332855
0.4039439886808395
0.3153455823659897
0.37532893717288973
0.3648114651441574
0.39019189327955245
0.3500256836414337
0.37158282697200773
0.35923601388931276
0.3806278705596924
0.3538328468799591
0.3773701131343842
0.35700437128543855
0.33628821969032285
0.3616979613900185
0.34359205663204195
0.3704104647040367
0.33441431522369386
0.3829648524522781
0.3196824014186859
0.34080798029899595
0.3735787034034729
0.3437606364488602
0.3487329542636871
0.3290548577904701
0.4340739637613297
0.34412749856710434
0.32048520296812055
0.38380744159221647
0.3750914216041565
0.36098852455616
0.3593928873538971
0.38615319728851316
0.34016619473695753
0.37626790553331374
0.3378190264105797
0.3296996086835861
0.3411255270242691
0.3585501968860626
0.35905363857746125
0.36284825801849363
0.35539713203907014
0.34692841619253156
0.35252849012613297
0.35451924204826357
0.34511524736881255
0.32039068788290026
0.38983374238014223
0.35361148416996
0.2975497618317604
0.26644564867019654
0.36173065304756163
0.3437513619661331
0.396334832906723
0.36359603703022003
0.3338402882218361
0.34835268557071686
0.32408419996500015
0.32130161821842196
0.3045279115438461
0.382189416885376
0.37566963732242586
0.3396907806396484
0.3214284166693687
0.34524617046117784
0.35051875114440917
0.3744872957468033
0.33091669231653215
0.2864558771252632
0.32647277414798737
0.39528987407684324
0.3300521045923233
0.37619535624980927
0.3176766991615295
0.3831493198871613
0.317210191488266
0.3342320188879967
0.39784334003925326
0.30572766065597534
0.3385565012693405
0.3104637250304222
0.35247865319252014
0.3452335596084595
0.3895301312208176
0.42496002912521363
0.31377910524606706
0.332768714427948
0.36402073353528974
0.4021209254860878
0.3510364443063736
0.32729424685239794
0.3392714858055115
0.3786276921629906
0.36301668286323546
0.34835868179798124
0.3121933102607727
0.3471690326929092
0.32205584198236464
0.3731535017490387
0.3488768696784973
0.3484306514263153
0.31474678218364716
0.3262648731470108
0.33658765703439714
0.3383761867880821
0.3651136040687561
0.3602980673313141
0.40485458374023436
0.3462672308087349
0.3428877621889114
0.36656991094350816
0.3506481409072876
0.37743838131427765
0.2848374962806702
0.3507679522037506
0.3691234678030014
0.369092732667923
0.308350695669651
0.37120426893234254
0.3590559735894203
0.3804489582777023
0.33225198537111283
0.32659525573253634
0.3743652641773224
0.35016943514347076
0.33668852895498275
0.41240071803331374
0.3567553758621216
0.3449196517467499
0.4213044077157974
0.3560900866985321
0.3424804463982582
0.36592516005039216
0.36795893907546995
0.38672448992729186
